Budget de référence :  5096.174294898832
Surcout de référence :  602564.4864176294
1 1306.794615764035 [1.85877009e+00 1.72680234e+01 2.72665466e+01 2.11751190e+01
 1.29345433e+01 4.70537250e+02 3.19417737e+02 2.13083276e+02
 3.77568228e+02 2.97118570e+02 3.49561212e+02 5.95432789e+03
 9.12706176e+03 6.85829211e+03]
2 1229.9722850460337 [1.50990960e+00 1.96142270e+01 2.76639143e+01 2.46395607e+01
 2.14154570e+01 4.88319454e+02 1.87535099e+02 1.15166655e+02
 4.33285425e+02 4.31214883e+02 1.71152980e+03 5.85355863e+03
 8.03721871e+03 7.08641975e+03]
3 1229.9722850460337 [1.50990960e+00 1.96142270e+01 2.76639143e+01 2.46395607e+01
 2.14154570e+01 4.88319454e+02 1.87535099e+02 1.15166655e+02
 4.33285425e+02 4.31214883e+02 1.71152980e+03 5.85355863e+03
 8.03721871e+03 7.08641975e+03]
4 1229.9722850460337 [1.50990960e+00 1.96142270e+01 2.76639143e+01 2.46395607e+01
 2.14154570e+01 4.88319454e+02 1.87535099e+02 1.15166655e+02
 4.33285425e+02 4.31214883e+02 1.71152980e+03 5.85355863e+03
 8.03721871e+03 7.08641975e+03]
5 975.8053825548885 [1.01080423e+00 2.62364890e+01 2.73079570e+01 2.58196034e+01
 1.80424017e+01 4.24955956e+02 1.95988653e+02 2.09761600e+02
 2.42150606e+02 3.25869346e+02 5.96953655e+02 5.93453699e+03
 7.78996222e+03 5.11360049e+03]
6 949.0772714191636 [1.02634427e+00 2.57622156e+01 1.93684640e+01 2.81275682e+01
 1.41930998e+01 4.13078904e+02 7.69226043e+01 1.95252683e+02
 2.24384626e+02 4.44271821e+02 5.33632256e+02 6.88343562e+03
 5.80304382e+03 6.84337136e+03]
7 949.0772714191636 [1.02634427e+00 2.57622156e+01 1.93684640e+01 2.81275682e+01
 1.41930998e+01 4.13078904e+02 7.69226043e+01 1.95252683e+02
 2.24384626e+02 4.44271821e+02 5.33632256e+02 6.88343562e+03
 5.80304382e+03 6.84337136e+03]
8 949.0772714191636 [1.02634427e+00 2.57622156e+01 1.93684640e+01 2.81275682e+01
 1.41930998e+01 4.13078904e+02 7.69226043e+01 1.95252683e+02
 2.24384626e+02 4.44271821e+02 5.33632256e+02 6.88343562e+03
 5.80304382e+03 6.84337136e+03]
9 949.0772714191636 [1.02634427e+00 2.57622156e+01 1.93684640e+01 2.81275682e+01
 1.41930998e+01 4.13078904e+02 7.69226043e+01 1.95252683e+02
 2.24384626e+02 4.44271821e+02 5.33632256e+02 6.88343562e+03
 5.80304382e+03 6.84337136e+03]
10 949.0772714191636 [1.02634427e+00 2.57622156e+01 1.93684640e+01 2.81275682e+01
 1.41930998e+01 4.13078904e+02 7.69226043e+01 1.95252683e+02
 2.24384626e+02 4.44271821e+02 5.33632256e+02 6.88343562e+03
 5.80304382e+03 6.84337136e+03]
11 949.0772714191636 [1.02634427e+00 2.57622156e+01 1.93684640e+01 2.81275682e+01
 1.41930998e+01 4.13078904e+02 7.69226043e+01 1.95252683e+02
 2.24384626e+02 4.44271821e+02 5.33632256e+02 6.88343562e+03
 5.80304382e+03 6.84337136e+03]
12 949.0772714191636 [1.02634427e+00 2.57622156e+01 1.93684640e+01 2.81275682e+01
 1.41930998e+01 4.13078904e+02 7.69226043e+01 1.95252683e+02
 2.24384626e+02 4.44271821e+02 5.33632256e+02 6.88343562e+03
 5.80304382e+03 6.84337136e+03]
13 949.0772714191636 [1.02634427e+00 2.57622156e+01 1.93684640e+01 2.81275682e+01
 1.41930998e+01 4.13078904e+02 7.69226043e+01 1.95252683e+02
 2.24384626e+02 4.44271821e+02 5.33632256e+02 6.88343562e+03
 5.80304382e+03 6.84337136e+03]
14 913.6289687187368 [1.01478380e+00 1.67969626e+01 1.45931957e+01 2.82992566e+01
 2.19881895e+01 3.97477928e+02 1.35691959e+02 1.81256201e+02
 2.94774608e+02 5.71214395e+01 5.31883460e+02 6.22822366e+03
 8.48008947e+03 4.45310336e+03]
15 913.6289687187368 [1.01478380e+00 1.67969626e+01 1.45931957e+01 2.82992566e+01
 2.19881895e+01 3.97477928e+02 1.35691959e+02 1.81256201e+02
 2.94774608e+02 5.71214395e+01 5.31883460e+02 6.22822366e+03
 8.48008947e+03 4.45310336e+03]
16 913.6289687187368 [1.01478380e+00 1.67969626e+01 1.45931957e+01 2.82992566e+01
 2.19881895e+01 3.97477928e+02 1.35691959e+02 1.81256201e+02
 2.94774608e+02 5.71214395e+01 5.31883460e+02 6.22822366e+03
 8.48008947e+03 4.45310336e+03]
17 913.6289687187368 [1.01478380e+00 1.67969626e+01 1.45931957e+01 2.82992566e+01
 2.19881895e+01 3.97477928e+02 1.35691959e+02 1.81256201e+02
 2.94774608e+02 5.71214395e+01 5.31883460e+02 6.22822366e+03
 8.48008947e+03 4.45310336e+03]
18 896.9201655341889 [1.01085703e+00 1.99335130e+01 1.09464161e+01 2.91877105e+01
 2.76901276e+01 3.56890987e+02 1.78136387e+02 3.14990646e+01
 3.09449439e+02 2.87214759e+02 2.05162097e+02 5.46078666e+03
 9.10764685e+03 6.20277670e+03]
19 896.9201655341889 [1.01085703e+00 1.99335130e+01 1.09464161e+01 2.91877105e+01
 2.76901276e+01 3.56890987e+02 1.78136387e+02 3.14990646e+01
 3.09449439e+02 2.87214759e+02 2.05162097e+02 5.46078666e+03
 9.10764685e+03 6.20277670e+03]
20 896.9201655341889 [1.01085703e+00 1.99335130e+01 1.09464161e+01 2.91877105e+01
 2.76901276e+01 3.56890987e+02 1.78136387e+02 3.14990646e+01
 3.09449439e+02 2.87214759e+02 2.05162097e+02 5.46078666e+03
 9.10764685e+03 6.20277670e+03]
21 896.6664326225825 [1.01503774e+00 1.99049786e+01 2.27739837e+01 2.58693599e+01
 1.48111444e+01 3.42355144e+02 2.07466781e+02 8.00658443e+01
 1.57995818e+02 1.56115150e+02 1.58912156e+02 5.22404629e+03
 9.00140607e+03 7.00253637e+03]
22 896.6664326225825 [1.01503774e+00 1.99049786e+01 2.27739837e+01 2.58693599e+01
 1.48111444e+01 3.42355144e+02 2.07466781e+02 8.00658443e+01
 1.57995818e+02 1.56115150e+02 1.58912156e+02 5.22404629e+03
 9.00140607e+03 7.00253637e+03]
23 833.7299987582616 [1.05565857e+00 1.53882201e+01 2.21419798e+01 2.14747408e+00
 2.44296487e+01 4.02322057e+02 2.16873092e+02 2.86456274e+02
 2.28653387e+02 4.06581334e+02 2.46675440e+02 6.49302508e+03
 7.55757867e+03 6.00047589e+03]
24 790.7942916638559 [1.00849425e+00 2.04427857e+01 2.14848980e+01 1.94278743e+00
 1.88396407e+01 4.20401576e+02 1.17630677e+02 3.89013184e+02
 2.44333693e+02 2.47449507e+02 1.70473206e+02 6.98767952e+03
 8.79231797e+03 6.08249123e+03]
25 790.7942916638559 [1.00849425e+00 2.04427857e+01 2.14848980e+01 1.94278743e+00
 1.88396407e+01 4.20401576e+02 1.17630677e+02 3.89013184e+02
 2.44333693e+02 2.47449507e+02 1.70473206e+02 6.98767952e+03
 8.79231797e+03 6.08249123e+03]
26 790.7942916638559 [1.00849425e+00 2.04427857e+01 2.14848980e+01 1.94278743e+00
 1.88396407e+01 4.20401576e+02 1.17630677e+02 3.89013184e+02
 2.44333693e+02 2.47449507e+02 1.70473206e+02 6.98767952e+03
 8.79231797e+03 6.08249123e+03]
27 790.7942916638559 [1.00849425e+00 2.04427857e+01 2.14848980e+01 1.94278743e+00
 1.88396407e+01 4.20401576e+02 1.17630677e+02 3.89013184e+02
 2.44333693e+02 2.47449507e+02 1.70473206e+02 6.98767952e+03
 8.79231797e+03 6.08249123e+03]
28 789.6838776160779 [1.02390528e+00 2.15727271e+01 2.16798277e+01 2.35135133e+00
 1.71116463e+01 4.14695224e+02 7.80902992e+01 8.69798309e+01
 1.72939779e+02 2.94438644e+02 7.13535279e+01 7.54648395e+03
 6.88093746e+03 4.88691974e+03]
29 789.6838776160779 [1.02390528e+00 2.15727271e+01 2.16798277e+01 2.35135133e+00
 1.71116463e+01 4.14695224e+02 7.80902992e+01 8.69798309e+01
 1.72939779e+02 2.94438644e+02 7.13535279e+01 7.54648395e+03
 6.88093746e+03 4.88691974e+03]
30 789.6838776160779 [1.02390528e+00 2.15727271e+01 2.16798277e+01 2.35135133e+00
 1.71116463e+01 4.14695224e+02 7.80902992e+01 8.69798309e+01
 1.72939779e+02 2.94438644e+02 7.13535279e+01 7.54648395e+03
 6.88093746e+03 4.88691974e+03]
31 789.6838776160779 [1.02390528e+00 2.15727271e+01 2.16798277e+01 2.35135133e+00
 1.71116463e+01 4.14695224e+02 7.80902992e+01 8.69798309e+01
 1.72939779e+02 2.94438644e+02 7.13535279e+01 7.54648395e+03
 6.88093746e+03 4.88691974e+03]
32 789.6838776160779 [1.02390528e+00 2.15727271e+01 2.16798277e+01 2.35135133e+00
 1.71116463e+01 4.14695224e+02 7.80902992e+01 8.69798309e+01
 1.72939779e+02 2.94438644e+02 7.13535279e+01 7.54648395e+03
 6.88093746e+03 4.88691974e+03]
33 789.6838776160779 [1.02390528e+00 2.15727271e+01 2.16798277e+01 2.35135133e+00
 1.71116463e+01 4.14695224e+02 7.80902992e+01 8.69798309e+01
 1.72939779e+02 2.94438644e+02 7.13535279e+01 7.54648395e+03
 6.88093746e+03 4.88691974e+03]
34 789.6838776160779 [1.02390528e+00 2.15727271e+01 2.16798277e+01 2.35135133e+00
 1.71116463e+01 4.14695224e+02 7.80902992e+01 8.69798309e+01
 1.72939779e+02 2.94438644e+02 7.13535279e+01 7.54648395e+03
 6.88093746e+03 4.88691974e+03]
35 789.6838776160779 [1.02390528e+00 2.15727271e+01 2.16798277e+01 2.35135133e+00
 1.71116463e+01 4.14695224e+02 7.80902992e+01 8.69798309e+01
 1.72939779e+02 2.94438644e+02 7.13535279e+01 7.54648395e+03
 6.88093746e+03 4.88691974e+03]
36 785.4840048245397 [1.00941642e+00 2.23658492e+01 1.90620997e+01 1.83458780e+00
 2.07855056e+01 4.65283042e+02 2.40838244e+02 1.70489965e+02
 2.64979699e+02 2.29233001e+02 1.31550355e+02 8.77992267e+03
 6.84122332e+03 4.31286871e+03]
37 785.4840048245397 [1.00941642e+00 2.23658492e+01 1.90620997e+01 1.83458780e+00
 2.07855056e+01 4.65283042e+02 2.40838244e+02 1.70489965e+02
 2.64979699e+02 2.29233001e+02 1.31550355e+02 8.77992267e+03
 6.84122332e+03 4.31286871e+03]
38 785.4840048245397 [1.00941642e+00 2.23658492e+01 1.90620997e+01 1.83458780e+00
 2.07855056e+01 4.65283042e+02 2.40838244e+02 1.70489965e+02
 2.64979699e+02 2.29233001e+02 1.31550355e+02 8.77992267e+03
 6.84122332e+03 4.31286871e+03]
39 785.4840048245397 [1.00941642e+00 2.23658492e+01 1.90620997e+01 1.83458780e+00
 2.07855056e+01 4.65283042e+02 2.40838244e+02 1.70489965e+02
 2.64979699e+02 2.29233001e+02 1.31550355e+02 8.77992267e+03
 6.84122332e+03 4.31286871e+03]
40 785.4840048245397 [1.00941642e+00 2.23658492e+01 1.90620997e+01 1.83458780e+00
 2.07855056e+01 4.65283042e+02 2.40838244e+02 1.70489965e+02
 2.64979699e+02 2.29233001e+02 1.31550355e+02 8.77992267e+03
 6.84122332e+03 4.31286871e+03]
41 770.400285001754 [1.01439211e+00 2.50947835e+01 2.13127157e+01 2.04367989e+00
 1.79264687e+01 4.53808681e+02 1.44457924e+02 4.22851845e+02
 2.11390338e+02 3.12508041e+02 1.06289082e+02 8.48807277e+03
 7.16357730e+03 4.83485736e+03]
42 770.400285001754 [1.01439211e+00 2.50947835e+01 2.13127157e+01 2.04367989e+00
 1.79264687e+01 4.53808681e+02 1.44457924e+02 4.22851845e+02
 2.11390338e+02 3.12508041e+02 1.06289082e+02 8.48807277e+03
 7.16357730e+03 4.83485736e+03]
43 770.400285001754 [1.01439211e+00 2.50947835e+01 2.13127157e+01 2.04367989e+00
 1.79264687e+01 4.53808681e+02 1.44457924e+02 4.22851845e+02
 2.11390338e+02 3.12508041e+02 1.06289082e+02 8.48807277e+03
 7.16357730e+03 4.83485736e+03]
44 770.1806363628276 [1.00738446e+00 2.49854824e+01 2.24671325e+01 2.00801431e+00
 1.61447456e+01 4.40351641e+02 1.54928112e+02 3.67109344e+02
 2.13219732e+02 2.96724362e+02 1.29878309e+02 7.84390930e+03
 7.65344590e+03 5.38111304e+03]
45 770.1806363628276 [1.00738446e+00 2.49854824e+01 2.24671325e+01 2.00801431e+00
 1.61447456e+01 4.40351641e+02 1.54928112e+02 3.67109344e+02
 2.13219732e+02 2.96724362e+02 1.29878309e+02 7.84390930e+03
 7.65344590e+03 5.38111304e+03]
46 770.1806363628276 [1.00738446e+00 2.49854824e+01 2.24671325e+01 2.00801431e+00
 1.61447456e+01 4.40351641e+02 1.54928112e+02 3.67109344e+02
 2.13219732e+02 2.96724362e+02 1.29878309e+02 7.84390930e+03
 7.65344590e+03 5.38111304e+03]
47 770.1806363628276 [1.00738446e+00 2.49854824e+01 2.24671325e+01 2.00801431e+00
 1.61447456e+01 4.40351641e+02 1.54928112e+02 3.67109344e+02
 2.13219732e+02 2.96724362e+02 1.29878309e+02 7.84390930e+03
 7.65344590e+03 5.38111304e+03]
48 770.1806363628276 [1.00738446e+00 2.49854824e+01 2.24671325e+01 2.00801431e+00
 1.61447456e+01 4.40351641e+02 1.54928112e+02 3.67109344e+02
 2.13219732e+02 2.96724362e+02 1.29878309e+02 7.84390930e+03
 7.65344590e+03 5.38111304e+03]
49 770.1806363628276 [1.00738446e+00 2.49854824e+01 2.24671325e+01 2.00801431e+00
 1.61447456e+01 4.40351641e+02 1.54928112e+02 3.67109344e+02
 2.13219732e+02 2.96724362e+02 1.29878309e+02 7.84390930e+03
 7.65344590e+03 5.38111304e+03]
50 770.1806363628276 [1.00738446e+00 2.49854824e+01 2.24671325e+01 2.00801431e+00
 1.61447456e+01 4.40351641e+02 1.54928112e+02 3.67109344e+02
 2.13219732e+02 2.96724362e+02 1.29878309e+02 7.84390930e+03
 7.65344590e+03 5.38111304e+03]
51 770.1806363628276 [1.00738446e+00 2.49854824e+01 2.24671325e+01 2.00801431e+00
 1.61447456e+01 4.40351641e+02 1.54928112e+02 3.67109344e+02
 2.13219732e+02 2.96724362e+02 1.29878309e+02 7.84390930e+03
 7.65344590e+03 5.38111304e+03]
52 770.1806363628276 [1.00738446e+00 2.49854824e+01 2.24671325e+01 2.00801431e+00
 1.61447456e+01 4.40351641e+02 1.54928112e+02 3.67109344e+02
 2.13219732e+02 2.96724362e+02 1.29878309e+02 7.84390930e+03
 7.65344590e+03 5.38111304e+03]
53 769.1323855406716 [1.00849425e+00 2.50441660e+01 2.28517163e+01 2.12175613e+00
 1.88396407e+01 4.49414193e+02 1.59962488e+02 2.69997403e+02
 2.03229601e+02 2.47449507e+02 1.52966762e+02 7.93592169e+03
 8.34640653e+03 6.08249123e+03]
54 768.9042702216908 [1.01114590e+00 2.67976520e+01 2.11605934e+01 2.21717229e+00
 1.79394686e+01 4.51235519e+02 1.68990956e+02 2.56689912e+02
 1.82361717e+02 3.19349815e+02 1.43765138e+02 8.18187962e+03
 7.99419891e+03 4.48749929e+03]
55 765.5977759362974 [1.01134665e+00 2.47154251e+01 1.77385414e+01 2.11004255e+00
 1.98541741e+01 4.54297194e+02 1.90742064e+02 2.76628224e+02
 2.01283052e+02 3.76845612e+02 1.12278236e+02 8.27354739e+03
 7.94958562e+03 5.12260977e+03]
56 765.5977759362974 [1.01134665e+00 2.47154251e+01 1.77385414e+01 2.11004255e+00
 1.98541741e+01 4.54297194e+02 1.90742064e+02 2.76628224e+02
 2.01283052e+02 3.76845612e+02 1.12278236e+02 8.27354739e+03
 7.94958562e+03 5.12260977e+03]
57 761.9217363334757 [1.00897422e+00 2.10810018e+01 2.07337173e+01 1.93079993e+00
 2.18969218e+01 4.61260432e+02 2.02663840e+02 3.32705718e+02
 2.30767984e+02 3.89712660e+02 9.50197457e+01 8.40070380e+03
 8.54372695e+03 4.45291225e+03]
58 760.4135430497714 [1.00782606e+00 2.37378626e+01 2.12733507e+01 2.11960080e+00
 2.20120621e+01 4.63513037e+02 2.42604423e+02 4.42938725e+02
 2.00133119e+02 4.00255103e+02 8.30013222e+01 8.16951507e+03
 9.31486764e+03 5.65888885e+03]
59 760.4135430497714 [1.00782606e+00 2.37378626e+01 2.12733507e+01 2.11960080e+00
 2.20120621e+01 4.63513037e+02 2.42604423e+02 4.42938725e+02
 2.00133119e+02 4.00255103e+02 8.30013222e+01 8.16951507e+03
 9.31486764e+03 5.65888885e+03]
60 760.4135430497714 [1.00782606e+00 2.37378626e+01 2.12733507e+01 2.11960080e+00
 2.20120621e+01 4.63513037e+02 2.42604423e+02 4.42938725e+02
 2.00133119e+02 4.00255103e+02 8.30013222e+01 8.16951507e+03
 9.31486764e+03 5.65888885e+03]
61 760.4135430497714 [1.00782606e+00 2.37378626e+01 2.12733507e+01 2.11960080e+00
 2.20120621e+01 4.63513037e+02 2.42604423e+02 4.42938725e+02
 2.00133119e+02 4.00255103e+02 8.30013222e+01 8.16951507e+03
 9.31486764e+03 5.65888885e+03]
62 760.4135430497714 [1.00782606e+00 2.37378626e+01 2.12733507e+01 2.11960080e+00
 2.20120621e+01 4.63513037e+02 2.42604423e+02 4.42938725e+02
 2.00133119e+02 4.00255103e+02 8.30013222e+01 8.16951507e+03
 9.31486764e+03 5.65888885e+03]
63 758.7079559341609 [1.01219117e+00 2.45030062e+01 1.79424394e+01 2.02111830e+00
 2.36646589e+01 4.62680937e+02 1.34295146e+02 3.28028257e+02
 2.14870042e+02 3.82902647e+02 9.28473095e+01 8.32139714e+03
 8.68052319e+03 6.12637307e+03]
64 758.7079559341609 [1.01219117e+00 2.45030062e+01 1.79424394e+01 2.02111830e+00
 2.36646589e+01 4.62680937e+02 1.34295146e+02 3.28028257e+02
 2.14870042e+02 3.82902647e+02 9.28473095e+01 8.32139714e+03
 8.68052319e+03 6.12637307e+03]
65 758.7079559341609 [1.01219117e+00 2.45030062e+01 1.79424394e+01 2.02111830e+00
 2.36646589e+01 4.62680937e+02 1.34295146e+02 3.28028257e+02
 2.14870042e+02 3.82902647e+02 9.28473095e+01 8.32139714e+03
 8.68052319e+03 6.12637307e+03]
66 758.7079559341609 [1.01219117e+00 2.45030062e+01 1.79424394e+01 2.02111830e+00
 2.36646589e+01 4.62680937e+02 1.34295146e+02 3.28028257e+02
 2.14870042e+02 3.82902647e+02 9.28473095e+01 8.32139714e+03
 8.68052319e+03 6.12637307e+03]
67 758.7079559341609 [1.01219117e+00 2.45030062e+01 1.79424394e+01 2.02111830e+00
 2.36646589e+01 4.62680937e+02 1.34295146e+02 3.28028257e+02
 2.14870042e+02 3.82902647e+02 9.28473095e+01 8.32139714e+03
 8.68052319e+03 6.12637307e+03]
68 756.6972826388094 [1.01005970e+00 2.80430919e+01 1.67871215e+01 2.12058842e+00
 2.17959072e+01 4.80883740e+02 1.81640073e+02 3.13328543e+02
 1.98440368e+02 3.71381864e+02 8.21685821e+01 8.73146657e+03
 8.87595479e+03 5.67540715e+03]
69 756.6972826388094 [1.01005970e+00 2.80430919e+01 1.67871215e+01 2.12058842e+00
 2.17959072e+01 4.80883740e+02 1.81640073e+02 3.13328543e+02
 1.98440368e+02 3.71381864e+02 8.21685821e+01 8.73146657e+03
 8.87595479e+03 5.67540715e+03]
70 756.6972826388094 [1.01005970e+00 2.80430919e+01 1.67871215e+01 2.12058842e+00
 2.17959072e+01 4.80883740e+02 1.81640073e+02 3.13328543e+02
 1.98440368e+02 3.71381864e+02 8.21685821e+01 8.73146657e+03
 8.87595479e+03 5.67540715e+03]
71 756.6972826388094 [1.01005970e+00 2.80430919e+01 1.67871215e+01 2.12058842e+00
 2.17959072e+01 4.80883740e+02 1.81640073e+02 3.13328543e+02
 1.98440368e+02 3.71381864e+02 8.21685821e+01 8.73146657e+03
 8.87595479e+03 5.67540715e+03]
72 756.6972826388094 [1.01005970e+00 2.80430919e+01 1.67871215e+01 2.12058842e+00
 2.17959072e+01 4.80883740e+02 1.81640073e+02 3.13328543e+02
 1.98440368e+02 3.71381864e+02 8.21685821e+01 8.73146657e+03
 8.87595479e+03 5.67540715e+03]
73 756.6972826388094 [1.01005970e+00 2.80430919e+01 1.67871215e+01 2.12058842e+00
 2.17959072e+01 4.80883740e+02 1.81640073e+02 3.13328543e+02
 1.98440368e+02 3.71381864e+02 8.21685821e+01 8.73146657e+03
 8.87595479e+03 5.67540715e+03]
74 756.6972826388094 [1.01005970e+00 2.80430919e+01 1.67871215e+01 2.12058842e+00
 2.17959072e+01 4.80883740e+02 1.81640073e+02 3.13328543e+02
 1.98440368e+02 3.71381864e+02 8.21685821e+01 8.73146657e+03
 8.87595479e+03 5.67540715e+03]
75 756.6972826388094 [1.01005970e+00 2.80430919e+01 1.67871215e+01 2.12058842e+00
 2.17959072e+01 4.80883740e+02 1.81640073e+02 3.13328543e+02
 1.98440368e+02 3.71381864e+02 8.21685821e+01 8.73146657e+03
 8.87595479e+03 5.67540715e+03]
76 756.6972826388094 [1.01005970e+00 2.80430919e+01 1.67871215e+01 2.12058842e+00
 2.17959072e+01 4.80883740e+02 1.81640073e+02 3.13328543e+02
 1.98440368e+02 3.71381864e+02 8.21685821e+01 8.73146657e+03
 8.87595479e+03 5.67540715e+03]
77 756.6972826388094 [1.01005970e+00 2.80430919e+01 1.67871215e+01 2.12058842e+00
 2.17959072e+01 4.80883740e+02 1.81640073e+02 3.13328543e+02
 1.98440368e+02 3.71381864e+02 8.21685821e+01 8.73146657e+03
 8.87595479e+03 5.67540715e+03]
78 756.6972826388094 [1.01005970e+00 2.80430919e+01 1.67871215e+01 2.12058842e+00
 2.17959072e+01 4.80883740e+02 1.81640073e+02 3.13328543e+02
 1.98440368e+02 3.71381864e+02 8.21685821e+01 8.73146657e+03
 8.87595479e+03 5.67540715e+03]
79 756.6972826388094 [1.01005970e+00 2.80430919e+01 1.67871215e+01 2.12058842e+00
 2.17959072e+01 4.80883740e+02 1.81640073e+02 3.13328543e+02
 1.98440368e+02 3.71381864e+02 8.21685821e+01 8.73146657e+03
 8.87595479e+03 5.67540715e+03]
80 756.6972826388094 [1.01005970e+00 2.80430919e+01 1.67871215e+01 2.12058842e+00
 2.17959072e+01 4.80883740e+02 1.81640073e+02 3.13328543e+02
 1.98440368e+02 3.71381864e+02 8.21685821e+01 8.73146657e+03
 8.87595479e+03 5.67540715e+03]
81 756.6972826388094 [1.01005970e+00 2.80430919e+01 1.67871215e+01 2.12058842e+00
 2.17959072e+01 4.80883740e+02 1.81640073e+02 3.13328543e+02
 1.98440368e+02 3.71381864e+02 8.21685821e+01 8.73146657e+03
 8.87595479e+03 5.67540715e+03]
82 756.6972826388094 [1.01005970e+00 2.80430919e+01 1.67871215e+01 2.12058842e+00
 2.17959072e+01 4.80883740e+02 1.81640073e+02 3.13328543e+02
 1.98440368e+02 3.71381864e+02 8.21685821e+01 8.73146657e+03
 8.87595479e+03 5.67540715e+03]
83 756.6972826388094 [1.01005970e+00 2.80430919e+01 1.67871215e+01 2.12058842e+00
 2.17959072e+01 4.80883740e+02 1.81640073e+02 3.13328543e+02
 1.98440368e+02 3.71381864e+02 8.21685821e+01 8.73146657e+03
 8.87595479e+03 5.67540715e+03]
84 756.6972826388094 [1.01005970e+00 2.80430919e+01 1.67871215e+01 2.12058842e+00
 2.17959072e+01 4.80883740e+02 1.81640073e+02 3.13328543e+02
 1.98440368e+02 3.71381864e+02 8.21685821e+01 8.73146657e+03
 8.87595479e+03 5.67540715e+03]
85 756.6972826388094 [1.01005970e+00 2.80430919e+01 1.67871215e+01 2.12058842e+00
 2.17959072e+01 4.80883740e+02 1.81640073e+02 3.13328543e+02
 1.98440368e+02 3.71381864e+02 8.21685821e+01 8.73146657e+03
 8.87595479e+03 5.67540715e+03]
86 754.7259221407737 [1.01009997e+00 2.83083641e+01 1.91585262e+01 2.11621759e+00
 2.36109894e+01 4.85211879e+02 1.88273166e+02 4.14159643e+02
 1.98204703e+02 3.61784577e+02 7.73257012e+01 8.77594224e+03
 9.12671064e+03 6.04642146e+03]
87 754.7259221407737 [1.01009997e+00 2.83083641e+01 1.91585262e+01 2.11621759e+00
 2.36109894e+01 4.85211879e+02 1.88273166e+02 4.14159643e+02
 1.98204703e+02 3.61784577e+02 7.73257012e+01 8.77594224e+03
 9.12671064e+03 6.04642146e+03]
88 754.7259221407737 [1.01009997e+00 2.83083641e+01 1.91585262e+01 2.11621759e+00
 2.36109894e+01 4.85211879e+02 1.88273166e+02 4.14159643e+02
 1.98204703e+02 3.61784577e+02 7.73257012e+01 8.77594224e+03
 9.12671064e+03 6.04642146e+03]
89 754.7259221407737 [1.01009997e+00 2.83083641e+01 1.91585262e+01 2.11621759e+00
 2.36109894e+01 4.85211879e+02 1.88273166e+02 4.14159643e+02
 1.98204703e+02 3.61784577e+02 7.73257012e+01 8.77594224e+03
 9.12671064e+03 6.04642146e+03]
90 754.7259221407737 [1.01009997e+00 2.83083641e+01 1.91585262e+01 2.11621759e+00
 2.36109894e+01 4.85211879e+02 1.88273166e+02 4.14159643e+02
 1.98204703e+02 3.61784577e+02 7.73257012e+01 8.77594224e+03
 9.12671064e+03 6.04642146e+03]
91 754.7259221407737 [1.01009997e+00 2.83083641e+01 1.91585262e+01 2.11621759e+00
 2.36109894e+01 4.85211879e+02 1.88273166e+02 4.14159643e+02
 1.98204703e+02 3.61784577e+02 7.73257012e+01 8.77594224e+03
 9.12671064e+03 6.04642146e+03]
92 754.7259221407737 [1.01009997e+00 2.83083641e+01 1.91585262e+01 2.11621759e+00
 2.36109894e+01 4.85211879e+02 1.88273166e+02 4.14159643e+02
 1.98204703e+02 3.61784577e+02 7.73257012e+01 8.77594224e+03
 9.12671064e+03 6.04642146e+03]
93 754.7259221407737 [1.01009997e+00 2.83083641e+01 1.91585262e+01 2.11621759e+00
 2.36109894e+01 4.85211879e+02 1.88273166e+02 4.14159643e+02
 1.98204703e+02 3.61784577e+02 7.73257012e+01 8.77594224e+03
 9.12671064e+03 6.04642146e+03]
94 754.7259221407737 [1.01009997e+00 2.83083641e+01 1.91585262e+01 2.11621759e+00
 2.36109894e+01 4.85211879e+02 1.88273166e+02 4.14159643e+02
 1.98204703e+02 3.61784577e+02 7.73257012e+01 8.77594224e+03
 9.12671064e+03 6.04642146e+03]
95 754.7259221407737 [1.01009997e+00 2.83083641e+01 1.91585262e+01 2.11621759e+00
 2.36109894e+01 4.85211879e+02 1.88273166e+02 4.14159643e+02
 1.98204703e+02 3.61784577e+02 7.73257012e+01 8.77594224e+03
 9.12671064e+03 6.04642146e+03]
96 754.7259221407737 [1.01009997e+00 2.83083641e+01 1.91585262e+01 2.11621759e+00
 2.36109894e+01 4.85211879e+02 1.88273166e+02 4.14159643e+02
 1.98204703e+02 3.61784577e+02 7.73257012e+01 8.77594224e+03
 9.12671064e+03 6.04642146e+03]
97 754.4179551320949 [1.00990917e+00 2.41648648e+01 1.96175351e+01 2.11579885e+00
 2.18275416e+01 4.88789424e+02 1.73011183e+02 2.69470964e+02
 2.01053905e+02 2.81225588e+02 7.58647578e+01 8.64472124e+03
 9.92226862e+03 6.13044065e+03]
98 754.4179551320949 [1.00990917e+00 2.41648648e+01 1.96175351e+01 2.11579885e+00
 2.18275416e+01 4.88789424e+02 1.73011183e+02 2.69470964e+02
 2.01053905e+02 2.81225588e+02 7.58647578e+01 8.64472124e+03
 9.92226862e+03 6.13044065e+03]
99 754.4179551320949 [1.00990917e+00 2.41648648e+01 1.96175351e+01 2.11579885e+00
 2.18275416e+01 4.88789424e+02 1.73011183e+02 2.69470964e+02
 2.01053905e+02 2.81225588e+02 7.58647578e+01 8.64472124e+03
 9.92226862e+03 6.13044065e+03]
100 754.4179551320949 [1.00990917e+00 2.41648648e+01 1.96175351e+01 2.11579885e+00
 2.18275416e+01 4.88789424e+02 1.73011183e+02 2.69470964e+02
 2.01053905e+02 2.81225588e+02 7.58647578e+01 8.64472124e+03
 9.92226862e+03 6.13044065e+03]
101 754.4179551320949 [1.00990917e+00 2.41648648e+01 1.96175351e+01 2.11579885e+00
 2.18275416e+01 4.88789424e+02 1.73011183e+02 2.69470964e+02
 2.01053905e+02 2.81225588e+02 7.58647578e+01 8.64472124e+03
 9.92226862e+03 6.13044065e+03]
102 754.4179551320949 [1.00990917e+00 2.41648648e+01 1.96175351e+01 2.11579885e+00
 2.18275416e+01 4.88789424e+02 1.73011183e+02 2.69470964e+02
 2.01053905e+02 2.81225588e+02 7.58647578e+01 8.64472124e+03
 9.92226862e+03 6.13044065e+03]
103 754.4179551320949 [1.00990917e+00 2.41648648e+01 1.96175351e+01 2.11579885e+00
 2.18275416e+01 4.88789424e+02 1.73011183e+02 2.69470964e+02
 2.01053905e+02 2.81225588e+02 7.58647578e+01 8.64472124e+03
 9.92226862e+03 6.13044065e+03]
104 754.4179551320949 [1.00990917e+00 2.41648648e+01 1.96175351e+01 2.11579885e+00
 2.18275416e+01 4.88789424e+02 1.73011183e+02 2.69470964e+02
 2.01053905e+02 2.81225588e+02 7.58647578e+01 8.64472124e+03
 9.92226862e+03 6.13044065e+03]
105 754.4179551320949 [1.00990917e+00 2.41648648e+01 1.96175351e+01 2.11579885e+00
 2.18275416e+01 4.88789424e+02 1.73011183e+02 2.69470964e+02
 2.01053905e+02 2.81225588e+02 7.58647578e+01 8.64472124e+03
 9.92226862e+03 6.13044065e+03]
106 753.9054504065483 [1.01090080e+00 2.25382226e+01 1.92086999e+01 2.11713661e+00
 1.70770224e+01 4.84073773e+02 1.97813297e+02 2.81269031e+02
 1.97470423e+02 3.75092684e+02 7.57197564e+01 8.55873459e+03
 9.80850162e+03 6.03873072e+03]
107 753.9054504065483 [1.01090080e+00 2.25382226e+01 1.92086999e+01 2.11713661e+00
 1.70770224e+01 4.84073773e+02 1.97813297e+02 2.81269031e+02
 1.97470423e+02 3.75092684e+02 7.57197564e+01 8.55873459e+03
 9.80850162e+03 6.03873072e+03]
108 753.712622439419 [1.01028148e+00 1.66979626e+01 1.84639669e+01 2.11508516e+00
 1.46340825e+01 4.77591740e+02 2.30444730e+02 2.11377639e+02
 1.94654713e+02 3.45217527e+02 7.46881408e+01 8.46740962e+03
 9.52555892e+03 6.41181964e+03]
109 753.712622439419 [1.01028148e+00 1.66979626e+01 1.84639669e+01 2.11508516e+00
 1.46340825e+01 4.77591740e+02 2.30444730e+02 2.11377639e+02
 1.94654713e+02 3.45217527e+02 7.46881408e+01 8.46740962e+03
 9.52555892e+03 6.41181964e+03]
110 753.712622439419 [1.01028148e+00 1.66979626e+01 1.84639669e+01 2.11508516e+00
 1.46340825e+01 4.77591740e+02 2.30444730e+02 2.11377639e+02
 1.94654713e+02 3.45217527e+02 7.46881408e+01 8.46740962e+03
 9.52555892e+03 6.41181964e+03]
111 753.712622439419 [1.01028148e+00 1.66979626e+01 1.84639669e+01 2.11508516e+00
 1.46340825e+01 4.77591740e+02 2.30444730e+02 2.11377639e+02
 1.94654713e+02 3.45217527e+02 7.46881408e+01 8.46740962e+03
 9.52555892e+03 6.41181964e+03]
112 753.712622439419 [1.01028148e+00 1.66979626e+01 1.84639669e+01 2.11508516e+00
 1.46340825e+01 4.77591740e+02 2.30444730e+02 2.11377639e+02
 1.94654713e+02 3.45217527e+02 7.46881408e+01 8.46740962e+03
 9.52555892e+03 6.41181964e+03]
113 753.712622439419 [1.01028148e+00 1.66979626e+01 1.84639669e+01 2.11508516e+00
 1.46340825e+01 4.77591740e+02 2.30444730e+02 2.11377639e+02
 1.94654713e+02 3.45217527e+02 7.46881408e+01 8.46740962e+03
 9.52555892e+03 6.41181964e+03]
114 753.712622439419 [1.01028148e+00 1.66979626e+01 1.84639669e+01 2.11508516e+00
 1.46340825e+01 4.77591740e+02 2.30444730e+02 2.11377639e+02
 1.94654713e+02 3.45217527e+02 7.46881408e+01 8.46740962e+03
 9.52555892e+03 6.41181964e+03]
115 753.712622439419 [1.01028148e+00 1.66979626e+01 1.84639669e+01 2.11508516e+00
 1.46340825e+01 4.77591740e+02 2.30444730e+02 2.11377639e+02
 1.94654713e+02 3.45217527e+02 7.46881408e+01 8.46740962e+03
 9.52555892e+03 6.41181964e+03]
116 753.712622439419 [1.01028148e+00 1.66979626e+01 1.84639669e+01 2.11508516e+00
 1.46340825e+01 4.77591740e+02 2.30444730e+02 2.11377639e+02
 1.94654713e+02 3.45217527e+02 7.46881408e+01 8.46740962e+03
 9.52555892e+03 6.41181964e+03]
117 753.712622439419 [1.01028148e+00 1.66979626e+01 1.84639669e+01 2.11508516e+00
 1.46340825e+01 4.77591740e+02 2.30444730e+02 2.11377639e+02
 1.94654713e+02 3.45217527e+02 7.46881408e+01 8.46740962e+03
 9.52555892e+03 6.41181964e+03]
118 753.712622439419 [1.01028148e+00 1.66979626e+01 1.84639669e+01 2.11508516e+00
 1.46340825e+01 4.77591740e+02 2.30444730e+02 2.11377639e+02
 1.94654713e+02 3.45217527e+02 7.46881408e+01 8.46740962e+03
 9.52555892e+03 6.41181964e+03]
119 753.712622439419 [1.01028148e+00 1.66979626e+01 1.84639669e+01 2.11508516e+00
 1.46340825e+01 4.77591740e+02 2.30444730e+02 2.11377639e+02
 1.94654713e+02 3.45217527e+02 7.46881408e+01 8.46740962e+03
 9.52555892e+03 6.41181964e+03]
120 753.2562232064261 [1.01046683e+00 1.96299912e+01 1.59650282e+01 2.11589241e+00
 1.42644622e+01 4.75661322e+02 2.34633798e+02 1.86371515e+02
 1.93850410e+02 3.81061394e+02 7.41633239e+01 8.30910273e+03
 9.93584156e+03 6.59754007e+03]
121 753.2562232064261 [1.01046683e+00 1.96299912e+01 1.59650282e+01 2.11589241e+00
 1.42644622e+01 4.75661322e+02 2.34633798e+02 1.86371515e+02
 1.93850410e+02 3.81061394e+02 7.41633239e+01 8.30910273e+03
 9.93584156e+03 6.59754007e+03]
122 753.2562232064261 [1.01046683e+00 1.96299912e+01 1.59650282e+01 2.11589241e+00
 1.42644622e+01 4.75661322e+02 2.34633798e+02 1.86371515e+02
 1.93850410e+02 3.81061394e+02 7.41633239e+01 8.30910273e+03
 9.93584156e+03 6.59754007e+03]
123 753.2562232064261 [1.01046683e+00 1.96299912e+01 1.59650282e+01 2.11589241e+00
 1.42644622e+01 4.75661322e+02 2.34633798e+02 1.86371515e+02
 1.93850410e+02 3.81061394e+02 7.41633239e+01 8.30910273e+03
 9.93584156e+03 6.59754007e+03]
124 753.2562232064261 [1.01046683e+00 1.96299912e+01 1.59650282e+01 2.11589241e+00
 1.42644622e+01 4.75661322e+02 2.34633798e+02 1.86371515e+02
 1.93850410e+02 3.81061394e+02 7.41633239e+01 8.30910273e+03
 9.93584156e+03 6.59754007e+03]
125 753.2562232064261 [1.01046683e+00 1.96299912e+01 1.59650282e+01 2.11589241e+00
 1.42644622e+01 4.75661322e+02 2.34633798e+02 1.86371515e+02
 1.93850410e+02 3.81061394e+02 7.41633239e+01 8.30910273e+03
 9.93584156e+03 6.59754007e+03]
126 753.2562232064261 [1.01046683e+00 1.96299912e+01 1.59650282e+01 2.11589241e+00
 1.42644622e+01 4.75661322e+02 2.34633798e+02 1.86371515e+02
 1.93850410e+02 3.81061394e+02 7.41633239e+01 8.30910273e+03
 9.93584156e+03 6.59754007e+03]
127 753.2562232064261 [1.01046683e+00 1.96299912e+01 1.59650282e+01 2.11589241e+00
 1.42644622e+01 4.75661322e+02 2.34633798e+02 1.86371515e+02
 1.93850410e+02 3.81061394e+02 7.41633239e+01 8.30910273e+03
 9.93584156e+03 6.59754007e+03]
128 753.2562232064261 [1.01046683e+00 1.96299912e+01 1.59650282e+01 2.11589241e+00
 1.42644622e+01 4.75661322e+02 2.34633798e+02 1.86371515e+02
 1.93850410e+02 3.81061394e+02 7.41633239e+01 8.30910273e+03
 9.93584156e+03 6.59754007e+03]
129 753.2562232064261 [1.01046683e+00 1.96299912e+01 1.59650282e+01 2.11589241e+00
 1.42644622e+01 4.75661322e+02 2.34633798e+02 1.86371515e+02
 1.93850410e+02 3.81061394e+02 7.41633239e+01 8.30910273e+03
 9.93584156e+03 6.59754007e+03]
130 753.2562232064261 [1.01046683e+00 1.96299912e+01 1.59650282e+01 2.11589241e+00
 1.42644622e+01 4.75661322e+02 2.34633798e+02 1.86371515e+02
 1.93850410e+02 3.81061394e+02 7.41633239e+01 8.30910273e+03
 9.93584156e+03 6.59754007e+03]
131 753.2562232064261 [1.01046683e+00 1.96299912e+01 1.59650282e+01 2.11589241e+00
 1.42644622e+01 4.75661322e+02 2.34633798e+02 1.86371515e+02
 1.93850410e+02 3.81061394e+02 7.41633239e+01 8.30910273e+03
 9.93584156e+03 6.59754007e+03]
132 753.2562232064261 [1.01046683e+00 1.96299912e+01 1.59650282e+01 2.11589241e+00
 1.42644622e+01 4.75661322e+02 2.34633798e+02 1.86371515e+02
 1.93850410e+02 3.81061394e+02 7.41633239e+01 8.30910273e+03
 9.93584156e+03 6.59754007e+03]
133 753.2562232064261 [1.01046683e+00 1.96299912e+01 1.59650282e+01 2.11589241e+00
 1.42644622e+01 4.75661322e+02 2.34633798e+02 1.86371515e+02
 1.93850410e+02 3.81061394e+02 7.41633239e+01 8.30910273e+03
 9.93584156e+03 6.59754007e+03]
134 753.1948313907028 [1.01034215e+00 1.54571633e+01 1.48061355e+01 2.11644703e+00
 1.30064281e+01 4.73426977e+02 2.38114929e+02 1.26627571e+02
 1.93509155e+02 2.15787128e+01 7.77609445e+01 8.26186112e+03
 9.84997136e+03 7.24085661e+03]
135 753.1948313907028 [1.01034215e+00 1.54571633e+01 1.48061355e+01 2.11644703e+00
 1.30064281e+01 4.73426977e+02 2.38114929e+02 1.26627571e+02
 1.93509155e+02 2.15787128e+01 7.77609445e+01 8.26186112e+03
 9.84997136e+03 7.24085661e+03]
136 753.1948313907028 [1.01034215e+00 1.54571633e+01 1.48061355e+01 2.11644703e+00
 1.30064281e+01 4.73426977e+02 2.38114929e+02 1.26627571e+02
 1.93509155e+02 2.15787128e+01 7.77609445e+01 8.26186112e+03
 9.84997136e+03 7.24085661e+03]
137 753.1948313907028 [1.01034215e+00 1.54571633e+01 1.48061355e+01 2.11644703e+00
 1.30064281e+01 4.73426977e+02 2.38114929e+02 1.26627571e+02
 1.93509155e+02 2.15787128e+01 7.77609445e+01 8.26186112e+03
 9.84997136e+03 7.24085661e+03]
138 753.1948313907028 [1.01034215e+00 1.54571633e+01 1.48061355e+01 2.11644703e+00
 1.30064281e+01 4.73426977e+02 2.38114929e+02 1.26627571e+02
 1.93509155e+02 2.15787128e+01 7.77609445e+01 8.26186112e+03
 9.84997136e+03 7.24085661e+03]
139 753.1948313907028 [1.01034215e+00 1.54571633e+01 1.48061355e+01 2.11644703e+00
 1.30064281e+01 4.73426977e+02 2.38114929e+02 1.26627571e+02
 1.93509155e+02 2.15787128e+01 7.77609445e+01 8.26186112e+03
 9.84997136e+03 7.24085661e+03]
140 753.1948313907028 [1.01034215e+00 1.54571633e+01 1.48061355e+01 2.11644703e+00
 1.30064281e+01 4.73426977e+02 2.38114929e+02 1.26627571e+02
 1.93509155e+02 2.15787128e+01 7.77609445e+01 8.26186112e+03
 9.84997136e+03 7.24085661e+03]
141 753.1540482895913 [1.00606585e+00 2.46119760e+01 1.60214285e+01 2.11776756e+00
 1.38906083e+01 4.77630472e+02 2.23779969e+02 1.77275573e+02
 1.94905767e+02 2.72559162e+02 7.92689804e+01 8.38010613e+03
 9.81042421e+03 7.02718968e+03]
142 753.1540482895913 [1.00606585e+00 2.46119760e+01 1.60214285e+01 2.11776756e+00
 1.38906083e+01 4.77630472e+02 2.23779969e+02 1.77275573e+02
 1.94905767e+02 2.72559162e+02 7.92689804e+01 8.38010613e+03
 9.81042421e+03 7.02718968e+03]
143 753.1540482895913 [1.00606585e+00 2.46119760e+01 1.60214285e+01 2.11776756e+00
 1.38906083e+01 4.77630472e+02 2.23779969e+02 1.77275573e+02
 1.94905767e+02 2.72559162e+02 7.92689804e+01 8.38010613e+03
 9.81042421e+03 7.02718968e+03]
144 753.1540482895913 [1.00606585e+00 2.46119760e+01 1.60214285e+01 2.11776756e+00
 1.38906083e+01 4.77630472e+02 2.23779969e+02 1.77275573e+02
 1.94905767e+02 2.72559162e+02 7.92689804e+01 8.38010613e+03
 9.81042421e+03 7.02718968e+03]
145 753.1540482895913 [1.00606585e+00 2.46119760e+01 1.60214285e+01 2.11776756e+00
 1.38906083e+01 4.77630472e+02 2.23779969e+02 1.77275573e+02
 1.94905767e+02 2.72559162e+02 7.92689804e+01 8.38010613e+03
 9.81042421e+03 7.02718968e+03]
146 753.1540482895913 [1.00606585e+00 2.46119760e+01 1.60214285e+01 2.11776756e+00
 1.38906083e+01 4.77630472e+02 2.23779969e+02 1.77275573e+02
 1.94905767e+02 2.72559162e+02 7.92689804e+01 8.38010613e+03
 9.81042421e+03 7.02718968e+03]
147 753.1540482895913 [1.00606585e+00 2.46119760e+01 1.60214285e+01 2.11776756e+00
 1.38906083e+01 4.77630472e+02 2.23779969e+02 1.77275573e+02
 1.94905767e+02 2.72559162e+02 7.92689804e+01 8.38010613e+03
 9.81042421e+03 7.02718968e+03]
148 753.1540482895913 [1.00606585e+00 2.46119760e+01 1.60214285e+01 2.11776756e+00
 1.38906083e+01 4.77630472e+02 2.23779969e+02 1.77275573e+02
 1.94905767e+02 2.72559162e+02 7.92689804e+01 8.38010613e+03
 9.81042421e+03 7.02718968e+03]
149 753.1540482895913 [1.00606585e+00 2.46119760e+01 1.60214285e+01 2.11776756e+00
 1.38906083e+01 4.77630472e+02 2.23779969e+02 1.77275573e+02
 1.94905767e+02 2.72559162e+02 7.92689804e+01 8.38010613e+03
 9.81042421e+03 7.02718968e+03]
150 752.8807475389275 [2.01717240e+00 8.53585606e+00 1.67817845e+01 1.01115031e+00
 1.59381348e+01 1.73960776e+02 1.18786254e+02 4.46955132e+02
 3.88572244e+02 3.20111295e+02 6.20218827e+01 7.01697407e+03
 7.22377380e+03 6.39986730e+03]
/home/elyes_kaak/.local/lib/python3.5/site-packages/scipy/optimize/_hessian_update_strategy.py:187: UserWarning: delta_grad == 0.0. Check if the approximated function is linear. If the function is linear better results
 can be obtained by defining the Hessian as zero instead of using quasi-Newton approximations.
  'approximations.', UserWarning)
/home/elyes_kaak/.local/lib/python3.5/site-packages/scipy/optimize/_trustregion_constr/projections.py:183: UserWarning: Singular Jacobian matrix. Using SVD decomposition to perform the factorizations.
  'perform the factorizations.')
Success: False
Message: Maximum number of iterations has been exceeded.
Final Objective: 752.8807475389275
Emissions de la solution = 752
Surcout : 4053262286
Temps d'exécution :  10096.03
c_0= 173.96 c_1= 118.79 c_2= 446.96 c_3= 388.57 c_4= 320.11
t_0= 2.02 t_1= 8.54 t_2= 16.78 t_3= 1.01 t_4= 15.94
k_0= 62.02 k_1= 7016.97 k_2= 7223.77 k_3= 6399.87

['Solaire' 'Eolien' 'Hydro' 'Biomasse' 'Biogaz']
La solution du problème a un budget de  752.8807475389275  et un surcoût de  63665.23608739686
Elle est atteinte pour l'ordre suivant des technos décarbonées :  ['Solaire' 'Eolien' 'Hydro' 'Biomasse' 'Biogaz']