Budget de référence :  5096.174294898832
Surcout de référence :  602564.4864176294

1 2552836.40450441 [2.42368711e+01 3.76276911e+00 6.08270819e+00 1.41696903e+00
 1.55988929e+01 2.42784114e+02 3.53617504e+01 3.24992205e+02
 1.98899298e+02 2.75417009e+02 2.58365437e+03 3.01674232e+03
 1.91034080e+03 8.26335752e+03]
2 3505818.676340487 [2.34949428e+01 1.60823068e+01 4.75962610e+00 1.12571658e+00
 1.68140815e+01 2.54678066e+02 1.72540937e+02 3.68058277e+02
 1.40088903e+02 5.34502034e+01 8.93160128e+02 3.04681955e+03
 2.29980955e+03 8.41534848e+03]
3 3138389.379254763 [1.52305095e+01 2.40124324e+01 6.59952585e+00 1.28306199e+00
 1.41884859e+01 3.10218065e+02 1.21210106e+01 3.30386303e+02
 1.64252994e+02 1.02225082e+02 1.36601835e+03 2.39666287e+03
 3.50380910e+03 5.46112846e+03]
4 1816993.4251409392 [1.38310694e+01 1.92852560e+01 2.37667575e+01 1.31430291e+00
 8.32961665e+00 2.64382006e+02 3.14950351e+02 3.64610020e+02
 2.50253753e+02 1.21032875e+02 7.69470418e+02 3.89009263e+03
 5.10323711e+03 2.16641006e+03]
5 1666176.5477838388 [1.17549358e+01 1.60823068e+01 2.40987794e+01 1.12571658e+00
 1.68140815e+01 3.58853843e+02 1.72540937e+02 3.12767361e+02
 2.54234300e+02 2.39531062e+01 3.03791260e+02 3.83680664e+03
 5.33603428e+03 1.91797858e+03]
6 1666176.5477838388 [1.17549358e+01 1.60823068e+01 2.40987794e+01 1.12571658e+00
 1.68140815e+01 3.58853843e+02 1.72540937e+02 3.12767361e+02
 2.54234300e+02 2.39531062e+01 3.03791260e+02 3.83680664e+03
 5.33603428e+03 1.91797858e+03]
7 1666176.5477838388 [1.17549358e+01 1.60823068e+01 2.40987794e+01 1.12571658e+00
 1.68140815e+01 3.58853843e+02 1.72540937e+02 3.12767361e+02
 2.54234300e+02 2.39531062e+01 3.03791260e+02 3.83680664e+03
 5.33603428e+03 1.91797858e+03]
8 1666176.5477838388 [1.17549358e+01 1.60823068e+01 2.40987794e+01 1.12571658e+00
 1.68140815e+01 3.58853843e+02 1.72540937e+02 3.12767361e+02
 2.54234300e+02 2.39531062e+01 3.03791260e+02 3.83680664e+03
 5.33603428e+03 1.91797858e+03]
9 1666176.5477838388 [1.17549358e+01 1.60823068e+01 2.40987794e+01 1.12571658e+00
 1.68140815e+01 3.58853843e+02 1.72540937e+02 3.12767361e+02
 2.54234300e+02 2.39531062e+01 3.03791260e+02 3.83680664e+03
 5.33603428e+03 1.91797858e+03]
10 1666176.5477838388 [1.17549358e+01 1.60823068e+01 2.40987794e+01 1.12571658e+00
 1.68140815e+01 3.58853843e+02 1.72540937e+02 3.12767361e+02
 2.54234300e+02 2.39531062e+01 3.03791260e+02 3.83680664e+03
 5.33603428e+03 1.91797858e+03]
11 1666176.5477838388 [1.17549358e+01 1.60823068e+01 2.40987794e+01 1.12571658e+00
 1.68140815e+01 3.58853843e+02 1.72540937e+02 3.12767361e+02
 2.54234300e+02 2.39531062e+01 3.03791260e+02 3.83680664e+03
 5.33603428e+03 1.91797858e+03]
12 1666176.5477838388 [1.17549358e+01 1.60823068e+01 2.40987794e+01 1.12571658e+00
 1.68140815e+01 3.58853843e+02 1.72540937e+02 3.12767361e+02
 2.54234300e+02 2.39531062e+01 3.03791260e+02 3.83680664e+03
 5.33603428e+03 1.91797858e+03]
13 1666176.5477838388 [1.17549358e+01 1.60823068e+01 2.40987794e+01 1.12571658e+00
 1.68140815e+01 3.58853843e+02 1.72540937e+02 3.12767361e+02
 2.54234300e+02 2.39531062e+01 3.03791260e+02 3.83680664e+03
 5.33603428e+03 1.91797858e+03]
14 1444166.8590800443 [2.29847945e+01 1.00631788e+01 1.83986860e+01 1.11660003e+00
 1.14219518e+01 4.42354923e+02 7.08768806e+01 4.57573189e+02
 2.72910791e+02 1.89354886e+02 5.02491516e+02 3.87546164e+03
 5.71070528e+03 3.47028327e+03]
15 1444166.8590800443 [2.29847945e+01 1.00631788e+01 1.83986860e+01 1.11660003e+00
 1.14219518e+01 4.42354923e+02 7.08768806e+01 4.57573189e+02
 2.72910791e+02 1.89354886e+02 5.02491516e+02 3.87546164e+03
 5.71070528e+03 3.47028327e+03]
16 900635.7360695757 [1.80179880e+01 6.23809424e+00 1.32723860e+01 1.01035404e+00
 2.29484717e+01 3.63004836e+02 3.65184030e+01 4.95327134e+02
 3.19042130e+02 2.84844479e+02 1.99239484e+02 4.87268544e+03
 5.49124704e+03 9.60463315e+02]
17 767967.8571787318 [1.44408080e+01 7.03125871e+00 2.50538728e+01 1.01035404e+00
 2.28218645e+01 3.93679843e+02 7.73549527e+01 7.87982640e+01
 3.19042130e+02 2.66773273e+02 1.99239484e+02 4.87268544e+03
 5.49124704e+03 9.60463315e+02]
18 767967.8571787318 [1.44408080e+01 7.03125871e+00 2.50538728e+01 1.01035404e+00
 2.28218645e+01 3.93679843e+02 7.73549527e+01 7.87982640e+01
 3.19042130e+02 2.66773273e+02 1.99239484e+02 4.87268544e+03
 5.49124704e+03 9.60463315e+02]
19 767967.8571787318 [1.44408080e+01 7.03125871e+00 2.50538728e+01 1.01035404e+00
 2.28218645e+01 3.93679843e+02 7.73549527e+01 7.87982640e+01
 3.19042130e+02 2.66773273e+02 1.99239484e+02 4.87268544e+03
 5.49124704e+03 9.60463315e+02]
20 767967.8571787318 [1.44408080e+01 7.03125871e+00 2.50538728e+01 1.01035404e+00
 2.28218645e+01 3.93679843e+02 7.73549527e+01 7.87982640e+01
 3.19042130e+02 2.66773273e+02 1.99239484e+02 4.87268544e+03
 5.49124704e+03 9.60463315e+02]
21 434714.3986113188 [1.88963334e+01 1.18241382e+01 2.53474088e+01 1.15119934e+00
 2.34325267e+01 4.73271522e+02 1.55152538e+02 4.99932617e+02
 3.30862674e+02 3.68162196e+02 1.64848702e+02 5.64012230e+03
 4.77737582e+03 6.46618539e+03]
22 109854.83505272726 [1.98703468e+01 1.34019498e+01 1.94371052e+01 1.07646910e+00
 2.34113128e+01 1.59420357e+02 2.19836301e+02 4.56090248e+02
 3.69336623e+02 4.76612545e+02 2.09284678e+02 5.80566164e+03
 5.10973183e+03 9.39510251e+03]
23 109854.83505272726 [1.98703468e+01 1.34019498e+01 1.94371052e+01 1.07646910e+00
 2.34113128e+01 1.59420357e+02 2.19836301e+02 4.56090248e+02
 3.69336623e+02 4.76612545e+02 2.09284678e+02 5.80566164e+03
 5.10973183e+03 9.39510251e+03]
24 109854.83505272726 [1.98703468e+01 1.34019498e+01 1.94371052e+01 1.07646910e+00
 2.34113128e+01 1.59420357e+02 2.19836301e+02 4.56090248e+02
 3.69336623e+02 4.76612545e+02 2.09284678e+02 5.80566164e+03
 5.10973183e+03 9.39510251e+03]
25 109854.83505272726 [1.98703468e+01 1.34019498e+01 1.94371052e+01 1.07646910e+00
 2.34113128e+01 1.59420357e+02 2.19836301e+02 4.56090248e+02
 3.69336623e+02 4.76612545e+02 2.09284678e+02 5.80566164e+03
 5.10973183e+03 9.39510251e+03]
26 109854.83505272726 [1.98703468e+01 1.34019498e+01 1.94371052e+01 1.07646910e+00
 2.34113128e+01 1.59420357e+02 2.19836301e+02 4.56090248e+02
 3.69336623e+02 4.76612545e+02 2.09284678e+02 5.80566164e+03
 5.10973183e+03 9.39510251e+03]
27 109854.83505272726 [1.98703468e+01 1.34019498e+01 1.94371052e+01 1.07646910e+00
 2.34113128e+01 1.59420357e+02 2.19836301e+02 4.56090248e+02
 3.69336623e+02 4.76612545e+02 2.09284678e+02 5.80566164e+03
 5.10973183e+03 9.39510251e+03]
28 24396.2013332902 [2.05217392e+01 2.13006884e+01 1.60927608e+01 1.03670159e+00
 2.37232186e+01 2.91547203e+02 2.32282105e+02 4.13326054e+02
 3.63249150e+02 2.68481364e+02 2.77830599e+02 6.19112604e+03
 4.93116706e+03 5.40858168e+03]
29 24183.97690938646 [2.51888503e+01 1.70223133e+01 1.65236660e+01 1.00535358e+00
 2.39308205e+01 2.74834757e+02 1.92545994e+02 4.72266605e+02
 3.63370059e+02 2.11175804e+02 1.98468598e+02 6.53913925e+03
 3.84886628e+03 8.10116831e+03]
30 24183.97690938646 [2.51888503e+01 1.70223133e+01 1.65236660e+01 1.00535358e+00
 2.39308205e+01 2.74834757e+02 1.92545994e+02 4.72266605e+02
 3.63370059e+02 2.11175804e+02 1.98468598e+02 6.53913925e+03
 3.84886628e+03 8.10116831e+03]
31 24183.97690938646 [2.51888503e+01 1.70223133e+01 1.65236660e+01 1.00535358e+00
 2.39308205e+01 2.74834757e+02 1.92545994e+02 4.72266605e+02
 3.63370059e+02 2.11175804e+02 1.98468598e+02 6.53913925e+03
 3.84886628e+03 8.10116831e+03]
32 6301.451118091587 [2.51026063e+01 1.81318993e+01 1.29951478e+01 1.01010634e+00
 2.25308741e+01 3.29742203e+02 1.84620224e+02 2.87657668e+02
 3.64486089e+02 1.56879412e+02 3.04308562e+02 5.90333699e+03
 4.40729100e+03 5.34010244e+03]
33 6301.451118091587 [2.51026063e+01 1.81318993e+01 1.29951478e+01 1.01010634e+00
 2.25308741e+01 3.29742203e+02 1.84620224e+02 2.87657668e+02
 3.64486089e+02 1.56879412e+02 3.04308562e+02 5.90333699e+03
 4.40729100e+03 5.34010244e+03]
34 6301.451118091587 [2.51026063e+01 1.81318993e+01 1.29951478e+01 1.01010634e+00
 2.25308741e+01 3.29742203e+02 1.84620224e+02 2.87657668e+02
 3.64486089e+02 1.56879412e+02 3.04308562e+02 5.90333699e+03
 4.40729100e+03 5.34010244e+03]
35 6060.759923330741 [1.96664322e+01 2.13103407e+01 1.67017998e+01 1.08153426e+00
 2.69873492e+01 3.23297742e+02 2.88603759e+02 3.94026015e+02
 3.62345208e+02 4.27468538e+02 2.11698697e+02 6.36221567e+03
 4.94182876e+03 5.72263360e+03]
36 6060.759923330741 [1.96664322e+01 2.13103407e+01 1.67017998e+01 1.08153426e+00
 2.69873492e+01 3.23297742e+02 2.88603759e+02 3.94026015e+02
 3.62345208e+02 4.27468538e+02 2.11698697e+02 6.36221567e+03
 4.94182876e+03 5.72263360e+03]
37 6060.759923330741 [1.96664322e+01 2.13103407e+01 1.67017998e+01 1.08153426e+00
 2.69873492e+01 3.23297742e+02 2.88603759e+02 3.94026015e+02
 3.62345208e+02 4.27468538e+02 2.11698697e+02 6.36221567e+03
 4.94182876e+03 5.72263360e+03]
38 6060.759923330741 [1.96664322e+01 2.13103407e+01 1.67017998e+01 1.08153426e+00
 2.69873492e+01 3.23297742e+02 2.88603759e+02 3.94026015e+02
 3.62345208e+02 4.27468538e+02 2.11698697e+02 6.36221567e+03
 4.94182876e+03 5.72263360e+03]
39 1496.0297904675826 [1.96285023e+01 2.26802447e+01 1.76701450e+01 1.10872445e+00
 2.47135782e+01 3.11329171e+02 2.84530882e+02 4.46504707e+02
 3.65079585e+02 7.67508177e+01 2.80978622e+02 6.09678611e+03
 5.49611666e+03 7.99062605e+03]
40 232.40143860015087 [2.40222654e+01 2.86002586e+01 1.52444321e+01 1.12088541e+00
 2.38432800e+01 4.00568507e+02 2.38274465e+02 4.12737701e+02
 3.65124024e+02 9.54598712e+01 2.89668851e+02 5.99718442e+03
 5.60506239e+03 8.03358291e+03]
41 29.389130781171843 [2.96325867e+01 1.70348768e+01 1.27395639e+01 1.03899054e+00
 2.74933789e+01 4.63963177e+02 2.71335145e+02 4.15547647e+02
 3.62110502e+02 2.08004239e+01 2.02899359e+02 5.97567940e+03
 4.76665498e+03 9.37754892e+03]
42 29.389130781171843 [2.96325867e+01 1.70348768e+01 1.27395639e+01 1.03899054e+00
 2.74933789e+01 4.63963177e+02 2.71335145e+02 4.15547647e+02
 3.62110502e+02 2.08004239e+01 2.02899359e+02 5.97567940e+03
 4.76665498e+03 9.37754892e+03]
43 29.389130781171843 [2.96325867e+01 1.70348768e+01 1.27395639e+01 1.03899054e+00
 2.74933789e+01 4.63963177e+02 2.71335145e+02 4.15547647e+02
 3.62110502e+02 2.08004239e+01 2.02899359e+02 5.97567940e+03
 4.76665498e+03 9.37754892e+03]
44 29.389130781171843 [2.96325867e+01 1.70348768e+01 1.27395639e+01 1.03899054e+00
 2.74933789e+01 4.63963177e+02 2.71335145e+02 4.15547647e+02
 3.62110502e+02 2.08004239e+01 2.02899359e+02 5.97567940e+03
 4.76665498e+03 9.37754892e+03]
45 29.389130781171843 [2.96325867e+01 1.70348768e+01 1.27395639e+01 1.03899054e+00
 2.74933789e+01 4.63963177e+02 2.71335145e+02 4.15547647e+02
 3.62110502e+02 2.08004239e+01 2.02899359e+02 5.97567940e+03
 4.76665498e+03 9.37754892e+03]
46 29.389130781171843 [2.96325867e+01 1.70348768e+01 1.27395639e+01 1.03899054e+00
 2.74933789e+01 4.63963177e+02 2.71335145e+02 4.15547647e+02
 3.62110502e+02 2.08004239e+01 2.02899359e+02 5.97567940e+03
 4.76665498e+03 9.37754892e+03]
47 29.389130781171843 [2.96325867e+01 1.70348768e+01 1.27395639e+01 1.03899054e+00
 2.74933789e+01 4.63963177e+02 2.71335145e+02 4.15547647e+02
 3.62110502e+02 2.08004239e+01 2.02899359e+02 5.97567940e+03
 4.76665498e+03 9.37754892e+03]
48 29.389130781171843 [2.96325867e+01 1.70348768e+01 1.27395639e+01 1.03899054e+00
 2.74933789e+01 4.63963177e+02 2.71335145e+02 4.15547647e+02
 3.62110502e+02 2.08004239e+01 2.02899359e+02 5.97567940e+03
 4.76665498e+03 9.37754892e+03]
49 29.389130781171843 [2.96325867e+01 1.70348768e+01 1.27395639e+01 1.03899054e+00
 2.74933789e+01 4.63963177e+02 2.71335145e+02 4.15547647e+02
 3.62110502e+02 2.08004239e+01 2.02899359e+02 5.97567940e+03
 4.76665498e+03 9.37754892e+03]
50 29.389130781171843 [2.96325867e+01 1.70348768e+01 1.27395639e+01 1.03899054e+00
 2.74933789e+01 4.63963177e+02 2.71335145e+02 4.15547647e+02
 3.62110502e+02 2.08004239e+01 2.02899359e+02 5.97567940e+03
 4.76665498e+03 9.37754892e+03]
51 29.389130781171843 [2.96325867e+01 1.70348768e+01 1.27395639e+01 1.03899054e+00
 2.74933789e+01 4.63963177e+02 2.71335145e+02 4.15547647e+02
 3.62110502e+02 2.08004239e+01 2.02899359e+02 5.97567940e+03
 4.76665498e+03 9.37754892e+03]
52 29.389130781171843 [2.96325867e+01 1.70348768e+01 1.27395639e+01 1.03899054e+00
 2.74933789e+01 4.63963177e+02 2.71335145e+02 4.15547647e+02
 3.62110502e+02 2.08004239e+01 2.02899359e+02 5.97567940e+03
 4.76665498e+03 9.37754892e+03]
53 29.389130781171843 [2.96325867e+01 1.70348768e+01 1.27395639e+01 1.03899054e+00
 2.74933789e+01 4.63963177e+02 2.71335145e+02 4.15547647e+02
 3.62110502e+02 2.08004239e+01 2.02899359e+02 5.97567940e+03
 4.76665498e+03 9.37754892e+03]
54 8.270420892979018 [2.48504540e+01 1.83204211e+01 1.46362237e+01 1.06712047e+00
 2.79331411e+01 4.93564468e+02 2.36399864e+02 4.09323527e+02
 3.61236788e+02 7.67138527e+01 1.78281392e+02 6.01710026e+03
 4.96739162e+03 9.92811764e+03]
55 8.270420892979018 [2.48504540e+01 1.83204211e+01 1.46362237e+01 1.06712047e+00
 2.79331411e+01 4.93564468e+02 2.36399864e+02 4.09323527e+02
 3.61236788e+02 7.67138527e+01 1.78281392e+02 6.01710026e+03
 4.96739162e+03 9.92811764e+03]
56 8.270420892979018 [2.48504540e+01 1.83204211e+01 1.46362237e+01 1.06712047e+00
 2.79331411e+01 4.93564468e+02 2.36399864e+02 4.09323527e+02
 3.61236788e+02 7.67138527e+01 1.78281392e+02 6.01710026e+03
 4.96739162e+03 9.92811764e+03]
57 8.270420892979018 [2.48504540e+01 1.83204211e+01 1.46362237e+01 1.06712047e+00
 2.79331411e+01 4.93564468e+02 2.36399864e+02 4.09323527e+02
 3.61236788e+02 7.67138527e+01 1.78281392e+02 6.01710026e+03
 4.96739162e+03 9.92811764e+03]
58 8.270420892979018 [2.48504540e+01 1.83204211e+01 1.46362237e+01 1.06712047e+00
 2.79331411e+01 4.93564468e+02 2.36399864e+02 4.09323527e+02
 3.61236788e+02 7.67138527e+01 1.78281392e+02 6.01710026e+03
 4.96739162e+03 9.92811764e+03]
59 4.898124190163799 [1.27166143e+01 1.77064797e+01 1.54188815e+01 1.05801058e+00
 2.88061810e+01 4.34328223e+02 2.29707014e+02 3.90259444e+02
 3.59506084e+02 9.90782462e+01 1.40274929e+02 5.89535514e+03
 5.05489462e+03 9.76416040e+03]
60 4.898124190163799 [1.27166143e+01 1.77064797e+01 1.54188815e+01 1.05801058e+00
 2.88061810e+01 4.34328223e+02 2.29707014e+02 3.90259444e+02
 3.59506084e+02 9.90782462e+01 1.40274929e+02 5.89535514e+03
 5.05489462e+03 9.76416040e+03]
61 4.898124190163799 [1.27166143e+01 1.77064797e+01 1.54188815e+01 1.05801058e+00
 2.88061810e+01 4.34328223e+02 2.29707014e+02 3.90259444e+02
 3.59506084e+02 9.90782462e+01 1.40274929e+02 5.89535514e+03
 5.05489462e+03 9.76416040e+03]
62 4.898124190163799 [1.27166143e+01 1.77064797e+01 1.54188815e+01 1.05801058e+00
 2.88061810e+01 4.34328223e+02 2.29707014e+02 3.90259444e+02
 3.59506084e+02 9.90782462e+01 1.40274929e+02 5.89535514e+03
 5.05489462e+03 9.76416040e+03]
63 4.898124190163799 [1.27166143e+01 1.77064797e+01 1.54188815e+01 1.05801058e+00
 2.88061810e+01 4.34328223e+02 2.29707014e+02 3.90259444e+02
 3.59506084e+02 9.90782462e+01 1.40274929e+02 5.89535514e+03
 5.05489462e+03 9.76416040e+03]
64 2.775783192832023 [1.57972868e+01 1.97919287e+01 1.56936597e+01 1.04612519e+00
 2.94533508e+01 4.43001941e+02 2.35635777e+02 3.74474027e+02
 3.59221777e+02 7.31570433e+01 1.34523446e+02 5.95344514e+03
 4.87865837e+03 9.77716839e+03]
65 2.775783192832023 [1.57972868e+01 1.97919287e+01 1.56936597e+01 1.04612519e+00
 2.94533508e+01 4.43001941e+02 2.35635777e+02 3.74474027e+02
 3.59221777e+02 7.31570433e+01 1.34523446e+02 5.95344514e+03
 4.87865837e+03 9.77716839e+03]
66 2.775783192832023 [1.57972868e+01 1.97919287e+01 1.56936597e+01 1.04612519e+00
 2.94533508e+01 4.43001941e+02 2.35635777e+02 3.74474027e+02
 3.59221777e+02 7.31570433e+01 1.34523446e+02 5.95344514e+03
 4.87865837e+03 9.77716839e+03]
67 2.775783192832023 [1.57972868e+01 1.97919287e+01 1.56936597e+01 1.04612519e+00
 2.94533508e+01 4.43001941e+02 2.35635777e+02 3.74474027e+02
 3.59221777e+02 7.31570433e+01 1.34523446e+02 5.95344514e+03
 4.87865837e+03 9.77716839e+03]
68 2.775783192832023 [1.57972868e+01 1.97919287e+01 1.56936597e+01 1.04612519e+00
 2.94533508e+01 4.43001941e+02 2.35635777e+02 3.74474027e+02
 3.59221777e+02 7.31570433e+01 1.34523446e+02 5.95344514e+03
 4.87865837e+03 9.77716839e+03]
69 2.775783192832023 [1.57972868e+01 1.97919287e+01 1.56936597e+01 1.04612519e+00
 2.94533508e+01 4.43001941e+02 2.35635777e+02 3.74474027e+02
 3.59221777e+02 7.31570433e+01 1.34523446e+02 5.95344514e+03
 4.87865837e+03 9.77716839e+03]
70 2.775783192832023 [1.57972868e+01 1.97919287e+01 1.56936597e+01 1.04612519e+00
 2.94533508e+01 4.43001941e+02 2.35635777e+02 3.74474027e+02
 3.59221777e+02 7.31570433e+01 1.34523446e+02 5.95344514e+03
 4.87865837e+03 9.77716839e+03]
71 2.775783192832023 [1.57972868e+01 1.97919287e+01 1.56936597e+01 1.04612519e+00
 2.94533508e+01 4.43001941e+02 2.35635777e+02 3.74474027e+02
 3.59221777e+02 7.31570433e+01 1.34523446e+02 5.95344514e+03
 4.87865837e+03 9.77716839e+03]
72 2.775783192832023 [1.57972868e+01 1.97919287e+01 1.56936597e+01 1.04612519e+00
 2.94533508e+01 4.43001941e+02 2.35635777e+02 3.74474027e+02
 3.59221777e+02 7.31570433e+01 1.34523446e+02 5.95344514e+03
 4.87865837e+03 9.77716839e+03]
73 2.775783192832023 [1.57972868e+01 1.97919287e+01 1.56936597e+01 1.04612519e+00
 2.94533508e+01 4.43001941e+02 2.35635777e+02 3.74474027e+02
 3.59221777e+02 7.31570433e+01 1.34523446e+02 5.95344514e+03
 4.87865837e+03 9.77716839e+03]
74 2.775783192832023 [1.57972868e+01 1.97919287e+01 1.56936597e+01 1.04612519e+00
 2.94533508e+01 4.43001941e+02 2.35635777e+02 3.74474027e+02
 3.59221777e+02 7.31570433e+01 1.34523446e+02 5.95344514e+03
 4.87865837e+03 9.77716839e+03]
75 2.775783192832023 [1.57972868e+01 1.97919287e+01 1.56936597e+01 1.04612519e+00
 2.94533508e+01 4.43001941e+02 2.35635777e+02 3.74474027e+02
 3.59221777e+02 7.31570433e+01 1.34523446e+02 5.95344514e+03
 4.87865837e+03 9.77716839e+03]
76 2.775783192832023 [1.57972868e+01 1.97919287e+01 1.56936597e+01 1.04612519e+00
 2.94533508e+01 4.43001941e+02 2.35635777e+02 3.74474027e+02
 3.59221777e+02 7.31570433e+01 1.34523446e+02 5.95344514e+03
 4.87865837e+03 9.77716839e+03]
77 2.775783192832023 [1.57972868e+01 1.97919287e+01 1.56936597e+01 1.04612519e+00
 2.94533508e+01 4.43001941e+02 2.35635777e+02 3.74474027e+02
 3.59221777e+02 7.31570433e+01 1.34523446e+02 5.95344514e+03
 4.87865837e+03 9.77716839e+03]
78 2.775783192832023 [1.57972868e+01 1.97919287e+01 1.56936597e+01 1.04612519e+00
 2.94533508e+01 4.43001941e+02 2.35635777e+02 3.74474027e+02
 3.59221777e+02 7.31570433e+01 1.34523446e+02 5.95344514e+03
 4.87865837e+03 9.77716839e+03]
79 2.775783192832023 [1.57972868e+01 1.97919287e+01 1.56936597e+01 1.04612519e+00
 2.94533508e+01 4.43001941e+02 2.35635777e+02 3.74474027e+02
 3.59221777e+02 7.31570433e+01 1.34523446e+02 5.95344514e+03
 4.87865837e+03 9.77716839e+03]
80 1.9610805065603927 [1.64401212e+01 1.69585508e+01 1.59909571e+01 1.03956299e+00
 2.98784541e+01 1.40764087e+02 2.62639066e+02 3.68105336e+02
 3.59268047e+02 4.20325397e+01 1.36400363e+02 5.89556301e+03
 4.90513310e+03 8.76167397e+03]
81 1.9610805065603927 [1.64401212e+01 1.69585508e+01 1.59909571e+01 1.03956299e+00
 2.98784541e+01 1.40764087e+02 2.62639066e+02 3.68105336e+02
 3.59268047e+02 4.20325397e+01 1.36400363e+02 5.89556301e+03
 4.90513310e+03 8.76167397e+03]
82 1.9610805065603927 [1.64401212e+01 1.69585508e+01 1.59909571e+01 1.03956299e+00
 2.98784541e+01 1.40764087e+02 2.62639066e+02 3.68105336e+02
 3.59268047e+02 4.20325397e+01 1.36400363e+02 5.89556301e+03
 4.90513310e+03 8.76167397e+03]
83 1.2504254531813785 [1.55902802e+01 1.72490900e+01 1.70999284e+01 1.04194596e+00
 2.45548920e+01 4.57682775e+02 2.45316063e+02 4.02423563e+02
 3.59609841e+02 3.32552875e+02 1.44042838e+02 5.92026085e+03
 4.98789759e+03 5.59876176e+03]
84 1.2504254531813785 [1.55902802e+01 1.72490900e+01 1.70999284e+01 1.04194596e+00
 2.45548920e+01 4.57682775e+02 2.45316063e+02 4.02423563e+02
 3.59609841e+02 3.32552875e+02 1.44042838e+02 5.92026085e+03
 4.98789759e+03 5.59876176e+03]
85 1.2504254531813785 [1.55902802e+01 1.72490900e+01 1.70999284e+01 1.04194596e+00
 2.45548920e+01 4.57682775e+02 2.45316063e+02 4.02423563e+02
 3.59609841e+02 3.32552875e+02 1.44042838e+02 5.92026085e+03
 4.98789759e+03 5.59876176e+03]
86 1.2504254531813785 [1.55902802e+01 1.72490900e+01 1.70999284e+01 1.04194596e+00
 2.45548920e+01 4.57682775e+02 2.45316063e+02 4.02423563e+02
 3.59609841e+02 3.32552875e+02 1.44042838e+02 5.92026085e+03
 4.98789759e+03 5.59876176e+03]
87 0.06397657201159745 [1.76071601e+01 1.79938529e+01 1.80633833e+01 1.03970425e+00
 1.99594350e+01 3.83128619e+02 2.35552654e+02 3.82828998e+02
 3.59565661e+02 4.03899941e+02 1.43209421e+02 5.91989104e+03
 4.96514362e+03 5.89195052e+03]
88 0.06397657201159745 [1.76071601e+01 1.79938529e+01 1.80633833e+01 1.03970425e+00
 1.99594350e+01 3.83128619e+02 2.35552654e+02 3.82828998e+02
 3.59565661e+02 4.03899941e+02 1.43209421e+02 5.91989104e+03
 4.96514362e+03 5.89195052e+03]
89 0.06397657201159745 [1.76071601e+01 1.79938529e+01 1.80633833e+01 1.03970425e+00
 1.99594350e+01 3.83128619e+02 2.35552654e+02 3.82828998e+02
 3.59565661e+02 4.03899941e+02 1.43209421e+02 5.91989104e+03
 4.96514362e+03 5.89195052e+03]
90 0.06397657201159745 [1.76071601e+01 1.79938529e+01 1.80633833e+01 1.03970425e+00
 1.99594350e+01 3.83128619e+02 2.35552654e+02 3.82828998e+02
 3.59565661e+02 4.03899941e+02 1.43209421e+02 5.91989104e+03
 4.96514362e+03 5.89195052e+03]
91 0.06397657201159745 [1.76071601e+01 1.79938529e+01 1.80633833e+01 1.03970425e+00
 1.99594350e+01 3.83128619e+02 2.35552654e+02 3.82828998e+02
 3.59565661e+02 4.03899941e+02 1.43209421e+02 5.91989104e+03
 4.96514362e+03 5.89195052e+03]
92 0.06397657201159745 [1.76071601e+01 1.79938529e+01 1.80633833e+01 1.03970425e+00
 1.99594350e+01 3.83128619e+02 2.35552654e+02 3.82828998e+02
 3.59565661e+02 4.03899941e+02 1.43209421e+02 5.91989104e+03
 4.96514362e+03 5.89195052e+03]
93 0.06397657201159745 [1.76071601e+01 1.79938529e+01 1.80633833e+01 1.03970425e+00
 1.99594350e+01 3.83128619e+02 2.35552654e+02 3.82828998e+02
 3.59565661e+02 4.03899941e+02 1.43209421e+02 5.91989104e+03
 4.96514362e+03 5.89195052e+03]
94 0.06397657201159745 [1.76071601e+01 1.79938529e+01 1.80633833e+01 1.03970425e+00
 1.99594350e+01 3.83128619e+02 2.35552654e+02 3.82828998e+02
 3.59565661e+02 4.03899941e+02 1.43209421e+02 5.91989104e+03
 4.96514362e+03 5.89195052e+03]
95 0.06397657201159745 [1.76071601e+01 1.79938529e+01 1.80633833e+01 1.03970425e+00
 1.99594350e+01 3.83128619e+02 2.35552654e+02 3.82828998e+02
 3.59565661e+02 4.03899941e+02 1.43209421e+02 5.91989104e+03
 4.96514362e+03 5.89195052e+03]
96 0.06397657201159745 [1.76071601e+01 1.79938529e+01 1.80633833e+01 1.03970425e+00
 1.99594350e+01 3.83128619e+02 2.35552654e+02 3.82828998e+02
 3.59565661e+02 4.03899941e+02 1.43209421e+02 5.91989104e+03
 4.96514362e+03 5.89195052e+03]
97 0.06397657201159745 [1.76071601e+01 1.79938529e+01 1.80633833e+01 1.03970425e+00
 1.99594350e+01 3.83128619e+02 2.35552654e+02 3.82828998e+02
 3.59565661e+02 4.03899941e+02 1.43209421e+02 5.91989104e+03
 4.96514362e+03 5.89195052e+03]
98 0.06397657201159745 [1.76071601e+01 1.79938529e+01 1.80633833e+01 1.03970425e+00
 1.99594350e+01 3.83128619e+02 2.35552654e+02 3.82828998e+02
 3.59565661e+02 4.03899941e+02 1.43209421e+02 5.91989104e+03
 4.96514362e+03 5.89195052e+03]
99 0.06397657201159745 [1.76071601e+01 1.79938529e+01 1.80633833e+01 1.03970425e+00
 1.99594350e+01 3.83128619e+02 2.35552654e+02 3.82828998e+02
 3.59565661e+02 4.03899941e+02 1.43209421e+02 5.91989104e+03
 4.96514362e+03 5.89195052e+03]
100 0.06397657201159745 [1.76071601e+01 1.79938529e+01 1.80633833e+01 1.03970425e+00
 1.99594350e+01 3.83128619e+02 2.35552654e+02 3.82828998e+02
 3.59565661e+02 4.03899941e+02 1.43209421e+02 5.91989104e+03
 4.96514362e+03 5.89195052e+03]
101 0.06397657201159745 [1.76071601e+01 1.79938529e+01 1.80633833e+01 1.03970425e+00
 1.99594350e+01 3.83128619e+02 2.35552654e+02 3.82828998e+02
 3.59565661e+02 4.03899941e+02 1.43209421e+02 5.91989104e+03
 4.96514362e+03 5.89195052e+03]
102 0.06397657201159745 [1.76071601e+01 1.79938529e+01 1.80633833e+01 1.03970425e+00
 1.99594350e+01 3.83128619e+02 2.35552654e+02 3.82828998e+02
 3.59565661e+02 4.03899941e+02 1.43209421e+02 5.91989104e+03
 4.96514362e+03 5.89195052e+03]
103 0.06397657201159745 [1.76071601e+01 1.79938529e+01 1.80633833e+01 1.03970425e+00
 1.99594350e+01 3.83128619e+02 2.35552654e+02 3.82828998e+02
 3.59565661e+02 4.03899941e+02 1.43209421e+02 5.91989104e+03
 4.96514362e+03 5.89195052e+03]
104 0.06397657201159745 [1.76071601e+01 1.79938529e+01 1.80633833e+01 1.03970425e+00
 1.99594350e+01 3.83128619e+02 2.35552654e+02 3.82828998e+02
 3.59565661e+02 4.03899941e+02 1.43209421e+02 5.91989104e+03
 4.96514362e+03 5.89195052e+03]
105 0.025628192350268364 [1.72144966e+01 1.87990798e+01 1.88332900e+01 1.03993420e+00
 1.36141385e+01 3.58155054e+02 2.49423543e+02 3.81465422e+02
 3.59597187e+02 2.48543841e+02 1.45310412e+02 5.90835038e+03
 4.90401416e+03 5.71476814e+03]
106 0.025628192350268364 [1.72144966e+01 1.87990798e+01 1.88332900e+01 1.03993420e+00
 1.36141385e+01 3.58155054e+02 2.49423543e+02 3.81465422e+02
 3.59597187e+02 2.48543841e+02 1.45310412e+02 5.90835038e+03
 4.90401416e+03 5.71476814e+03]
107 0.025628192350268364 [1.72144966e+01 1.87990798e+01 1.88332900e+01 1.03993420e+00
 1.36141385e+01 3.58155054e+02 2.49423543e+02 3.81465422e+02
 3.59597187e+02 2.48543841e+02 1.45310412e+02 5.90835038e+03
 4.90401416e+03 5.71476814e+03]
108 0.025628192350268364 [1.72144966e+01 1.87990798e+01 1.88332900e+01 1.03993420e+00
 1.36141385e+01 3.58155054e+02 2.49423543e+02 3.81465422e+02
 3.59597187e+02 2.48543841e+02 1.45310412e+02 5.90835038e+03
 4.90401416e+03 5.71476814e+03]
109 0.025628192350268364 [1.72144966e+01 1.87990798e+01 1.88332900e+01 1.03993420e+00
 1.36141385e+01 3.58155054e+02 2.49423543e+02 3.81465422e+02
 3.59597187e+02 2.48543841e+02 1.45310412e+02 5.90835038e+03
 4.90401416e+03 5.71476814e+03]
110 0.025628192350268364 [1.72144966e+01 1.87990798e+01 1.88332900e+01 1.03993420e+00
 1.36141385e+01 3.58155054e+02 2.49423543e+02 3.81465422e+02
 3.59597187e+02 2.48543841e+02 1.45310412e+02 5.90835038e+03
 4.90401416e+03 5.71476814e+03]
111 0.025628192350268364 [1.72144966e+01 1.87990798e+01 1.88332900e+01 1.03993420e+00
 1.36141385e+01 3.58155054e+02 2.49423543e+02 3.81465422e+02
 3.59597187e+02 2.48543841e+02 1.45310412e+02 5.90835038e+03
 4.90401416e+03 5.71476814e+03]
112 0.025628192350268364 [1.72144966e+01 1.87990798e+01 1.88332900e+01 1.03993420e+00
 1.36141385e+01 3.58155054e+02 2.49423543e+02 3.81465422e+02
 3.59597187e+02 2.48543841e+02 1.45310412e+02 5.90835038e+03
 4.90401416e+03 5.71476814e+03]
113 0.025628192350268364 [1.72144966e+01 1.87990798e+01 1.88332900e+01 1.03993420e+00
 1.36141385e+01 3.58155054e+02 2.49423543e+02 3.81465422e+02
 3.59597187e+02 2.48543841e+02 1.45310412e+02 5.90835038e+03
 4.90401416e+03 5.71476814e+03]
114 0.025628192350268364 [1.72144966e+01 1.87990798e+01 1.88332900e+01 1.03993420e+00
 1.36141385e+01 3.58155054e+02 2.49423543e+02 3.81465422e+02
 3.59597187e+02 2.48543841e+02 1.45310412e+02 5.90835038e+03
 4.90401416e+03 5.71476814e+03]
115 0.025628192350268364 [1.72144966e+01 1.87990798e+01 1.88332900e+01 1.03993420e+00
 1.36141385e+01 3.58155054e+02 2.49423543e+02 3.81465422e+02
 3.59597187e+02 2.48543841e+02 1.45310412e+02 5.90835038e+03
 4.90401416e+03 5.71476814e+03]
116 0.025628192350268364 [1.72144966e+01 1.87990798e+01 1.88332900e+01 1.03993420e+00
 1.36141385e+01 3.58155054e+02 2.49423543e+02 3.81465422e+02
 3.59597187e+02 2.48543841e+02 1.45310412e+02 5.90835038e+03
 4.90401416e+03 5.71476814e+03]
117 0.025628192350268364 [1.72144966e+01 1.87990798e+01 1.88332900e+01 1.03993420e+00
 1.36141385e+01 3.58155054e+02 2.49423543e+02 3.81465422e+02
 3.59597187e+02 2.48543841e+02 1.45310412e+02 5.90835038e+03
 4.90401416e+03 5.71476814e+03]
118 0.025628192350268364 [1.72144966e+01 1.87990798e+01 1.88332900e+01 1.03993420e+00
 1.36141385e+01 3.58155054e+02 2.49423543e+02 3.81465422e+02
 3.59597187e+02 2.48543841e+02 1.45310412e+02 5.90835038e+03
 4.90401416e+03 5.71476814e+03]
119 0.025628192350268364 [1.72144966e+01 1.87990798e+01 1.88332900e+01 1.03993420e+00
 1.36141385e+01 3.58155054e+02 2.49423543e+02 3.81465422e+02
 3.59597187e+02 2.48543841e+02 1.45310412e+02 5.90835038e+03
 4.90401416e+03 5.71476814e+03]
120 0.025628192350268364 [1.72144966e+01 1.87990798e+01 1.88332900e+01 1.03993420e+00
 1.36141385e+01 3.58155054e+02 2.49423543e+02 3.81465422e+02
 3.59597187e+02 2.48543841e+02 1.45310412e+02 5.90835038e+03
 4.90401416e+03 5.71476814e+03]
121 0.025628192350268364 [1.72144966e+01 1.87990798e+01 1.88332900e+01 1.03993420e+00
 1.36141385e+01 3.58155054e+02 2.49423543e+02 3.81465422e+02
 3.59597187e+02 2.48543841e+02 1.45310412e+02 5.90835038e+03
 4.90401416e+03 5.71476814e+03]
122 0.025628192350268364 [1.72144966e+01 1.87990798e+01 1.88332900e+01 1.03993420e+00
 1.36141385e+01 3.58155054e+02 2.49423543e+02 3.81465422e+02
 3.59597187e+02 2.48543841e+02 1.45310412e+02 5.90835038e+03
 4.90401416e+03 5.71476814e+03]
123 0.025628192350268364 [1.72144966e+01 1.87990798e+01 1.88332900e+01 1.03993420e+00
 1.36141385e+01 3.58155054e+02 2.49423543e+02 3.81465422e+02
 3.59597187e+02 2.48543841e+02 1.45310412e+02 5.90835038e+03
 4.90401416e+03 5.71476814e+03]
124 0.025628192350268364 [1.72144966e+01 1.87990798e+01 1.88332900e+01 1.03993420e+00
 1.36141385e+01 3.58155054e+02 2.49423543e+02 3.81465422e+02
 3.59597187e+02 2.48543841e+02 1.45310412e+02 5.90835038e+03
 4.90401416e+03 5.71476814e+03]
125 0.025628192350268364 [1.72144966e+01 1.87990798e+01 1.88332900e+01 1.03993420e+00
 1.36141385e+01 3.58155054e+02 2.49423543e+02 3.81465422e+02
 3.59597187e+02 2.48543841e+02 1.45310412e+02 5.90835038e+03
 4.90401416e+03 5.71476814e+03]
126 0.025628192350268364 [1.72144966e+01 1.87990798e+01 1.88332900e+01 1.03993420e+00
 1.36141385e+01 3.58155054e+02 2.49423543e+02 3.81465422e+02
 3.59597187e+02 2.48543841e+02 1.45310412e+02 5.90835038e+03
 4.90401416e+03 5.71476814e+03]
127 0.025628192350268364 [1.72144966e+01 1.87990798e+01 1.88332900e+01 1.03993420e+00
 1.36141385e+01 3.58155054e+02 2.49423543e+02 3.81465422e+02
 3.59597187e+02 2.48543841e+02 1.45310412e+02 5.90835038e+03
 4.90401416e+03 5.71476814e+03]
128 0.025628192350268364 [1.72144966e+01 1.87990798e+01 1.88332900e+01 1.03993420e+00
 1.36141385e+01 3.58155054e+02 2.49423543e+02 3.81465422e+02
 3.59597187e+02 2.48543841e+02 1.45310412e+02 5.90835038e+03
 4.90401416e+03 5.71476814e+03]
129 0.025628192350268364 [1.72144966e+01 1.87990798e+01 1.88332900e+01 1.03993420e+00
 1.36141385e+01 3.58155054e+02 2.49423543e+02 3.81465422e+02
 3.59597187e+02 2.48543841e+02 1.45310412e+02 5.90835038e+03
 4.90401416e+03 5.71476814e+03]
130 0.025628192350268364 [1.72144966e+01 1.87990798e+01 1.88332900e+01 1.03993420e+00
 1.36141385e+01 3.58155054e+02 2.49423543e+02 3.81465422e+02
 3.59597187e+02 2.48543841e+02 1.45310412e+02 5.90835038e+03
 4.90401416e+03 5.71476814e+03]
131 0.025628192350268364 [1.72144966e+01 1.87990798e+01 1.88332900e+01 1.03993420e+00
 1.36141385e+01 3.58155054e+02 2.49423543e+02 3.81465422e+02
 3.59597187e+02 2.48543841e+02 1.45310412e+02 5.90835038e+03
 4.90401416e+03 5.71476814e+03]
132 0.025628192350268364 [1.72144966e+01 1.87990798e+01 1.88332900e+01 1.03993420e+00
 1.36141385e+01 3.58155054e+02 2.49423543e+02 3.81465422e+02
 3.59597187e+02 2.48543841e+02 1.45310412e+02 5.90835038e+03
 4.90401416e+03 5.71476814e+03]
133 0.025628192350268364 [1.72144966e+01 1.87990798e+01 1.88332900e+01 1.03993420e+00
 1.36141385e+01 3.58155054e+02 2.49423543e+02 3.81465422e+02
 3.59597187e+02 2.48543841e+02 1.45310412e+02 5.90835038e+03
 4.90401416e+03 5.71476814e+03]
134 0.025628192350268364 [1.72144966e+01 1.87990798e+01 1.88332900e+01 1.03993420e+00
 1.36141385e+01 3.58155054e+02 2.49423543e+02 3.81465422e+02
 3.59597187e+02 2.48543841e+02 1.45310412e+02 5.90835038e+03
 4.90401416e+03 5.71476814e+03]
135 0.025628192350268364 [1.72144966e+01 1.87990798e+01 1.88332900e+01 1.03993420e+00
 1.36141385e+01 3.58155054e+02 2.49423543e+02 3.81465422e+02
 3.59597187e+02 2.48543841e+02 1.45310412e+02 5.90835038e+03
 4.90401416e+03 5.71476814e+03]
136 0.025628192350268364 [1.72144966e+01 1.87990798e+01 1.88332900e+01 1.03993420e+00
 1.36141385e+01 3.58155054e+02 2.49423543e+02 3.81465422e+02
 3.59597187e+02 2.48543841e+02 1.45310412e+02 5.90835038e+03
 4.90401416e+03 5.71476814e+03]
137 0.025628192350268364 [1.72144966e+01 1.87990798e+01 1.88332900e+01 1.03993420e+00
 1.36141385e+01 3.58155054e+02 2.49423543e+02 3.81465422e+02
 3.59597187e+02 2.48543841e+02 1.45310412e+02 5.90835038e+03
 4.90401416e+03 5.71476814e+03]
138 0.025628192350268364 [1.72144966e+01 1.87990798e+01 1.88332900e+01 1.03993420e+00
 1.36141385e+01 3.58155054e+02 2.49423543e+02 3.81465422e+02
 3.59597187e+02 2.48543841e+02 1.45310412e+02 5.90835038e+03
 4.90401416e+03 5.71476814e+03]
139 0.025628192350268364 [1.72144966e+01 1.87990798e+01 1.88332900e+01 1.03993420e+00
 1.36141385e+01 3.58155054e+02 2.49423543e+02 3.81465422e+02
 3.59597187e+02 2.48543841e+02 1.45310412e+02 5.90835038e+03
 4.90401416e+03 5.71476814e+03]
140 0.025628192350268364 [1.72144966e+01 1.87990798e+01 1.88332900e+01 1.03993420e+00
 1.36141385e+01 3.58155054e+02 2.49423543e+02 3.81465422e+02
 3.59597187e+02 2.48543841e+02 1.45310412e+02 5.90835038e+03
 4.90401416e+03 5.71476814e+03]
141 0.025628192350268364 [1.72144966e+01 1.87990798e+01 1.88332900e+01 1.03993420e+00
 1.36141385e+01 3.58155054e+02 2.49423543e+02 3.81465422e+02
 3.59597187e+02 2.48543841e+02 1.45310412e+02 5.90835038e+03
 4.90401416e+03 5.71476814e+03]
142 0.025628192350268364 [1.72144966e+01 1.87990798e+01 1.88332900e+01 1.03993420e+00
 1.36141385e+01 3.58155054e+02 2.49423543e+02 3.81465422e+02
 3.59597187e+02 2.48543841e+02 1.45310412e+02 5.90835038e+03
 4.90401416e+03 5.71476814e+03]
143 0.025628192350268364 [1.72144966e+01 1.87990798e+01 1.88332900e+01 1.03993420e+00
 1.36141385e+01 3.58155054e+02 2.49423543e+02 3.81465422e+02
 3.59597187e+02 2.48543841e+02 1.45310412e+02 5.90835038e+03
 4.90401416e+03 5.71476814e+03]
144 0.025628192350268364 [1.72144966e+01 1.87990798e+01 1.88332900e+01 1.03993420e+00
 1.36141385e+01 3.58155054e+02 2.49423543e+02 3.81465422e+02
 3.59597187e+02 2.48543841e+02 1.45310412e+02 5.90835038e+03
 4.90401416e+03 5.71476814e+03]
145 0.025628192350268364 [1.72144966e+01 1.87990798e+01 1.88332900e+01 1.03993420e+00
 1.36141385e+01 3.58155054e+02 2.49423543e+02 3.81465422e+02
 3.59597187e+02 2.48543841e+02 1.45310412e+02 5.90835038e+03
 4.90401416e+03 5.71476814e+03]
146 0.025628192350268364 [1.72144966e+01 1.87990798e+01 1.88332900e+01 1.03993420e+00
 1.36141385e+01 3.58155054e+02 2.49423543e+02 3.81465422e+02
 3.59597187e+02 2.48543841e+02 1.45310412e+02 5.90835038e+03
 4.90401416e+03 5.71476814e+03]
147 0.025628192350268364 [1.72144966e+01 1.87990798e+01 1.88332900e+01 1.03993420e+00
 1.36141385e+01 3.58155054e+02 2.49423543e+02 3.81465422e+02
 3.59597187e+02 2.48543841e+02 1.45310412e+02 5.90835038e+03
 4.90401416e+03 5.71476814e+03]
148 0.025628192350268364 [1.72144966e+01 1.87990798e+01 1.88332900e+01 1.03993420e+00
 1.36141385e+01 3.58155054e+02 2.49423543e+02 3.81465422e+02
 3.59597187e+02 2.48543841e+02 1.45310412e+02 5.90835038e+03
 4.90401416e+03 5.71476814e+03]
149 0.010727808927185833 [1.55954682e+01 1.83425902e+01 1.83015163e+01 1.04177168e+00
 1.98341024e+01 3.30460100e+02 2.65729821e+02 3.78593519e+02
 3.59626633e+02 2.05829118e+02 1.46438010e+02 5.90690819e+03
 4.87922039e+03 5.67087783e+03]
150 0.010727808927185833 [1.55954682e+01 1.83425902e+01 1.83015163e+01 1.04177168e+00
 1.98341024e+01 3.30460100e+02 2.65729821e+02 3.78593519e+02
 3.59626633e+02 2.05829118e+02 1.46438010e+02 5.90690819e+03
 4.87922039e+03 5.67087783e+03]
/home/elyes_kaak/.local/lib/python3.5/site-packages/scipy/optimize/_hessian_update_strategy.py:187: UserWarning: delta_grad == 0.0. Check if the approximated function is linear. If the function is linear better results
 can be obtained by defining the Hessian as zero instead of using quasi-Newton approximations.
  'approximations.', UserWarning)
Success: False
Message: Maximum number of iterations has been exceeded.
Final Objective: 0.010727808927185833
Emissions de la solution = 964
Surcout : 0

Temps d'exécution :  8220.13
c_0= 330.46 c_1= 265.73 c_2= 378.59 c_3= 359.63 c_4= 205.83
t_0= 15.6 t_1= 18.34 t_2= 18.3 t_3= 1.04 t_4= 19.83
k_0= 146.44 k_1= 5906.91 k_2= 4879.22 k_3= 5670.88

['Solaire' 'Eolien' 'Biogaz' 'Hydro' 'Biomasse']
La solution du problème a un budget de  964.1698667637293  et un surcoût de  0.010727808927185833
Elle est atteinte pour l'ordre suivant des technos décarbonées :  ['Solaire' 'Eolien' 'Biogaz' 'Hydro' 'Biomasse']